iris
[[5.0,3.4,1.6,0.4,],[6.2,3.4,5.4,2.3,],[6.0,2.9,4.5,1.5,]],
[[4.6,3.2,1.4,0.2,],[6.9,3.1,5.1,2.3,],[6.6,2.9,4.6,1.3,]],
[[6.7,3.3,5.7,2.5,],[4.9,3.1,1.5,0.1,],[5.7,2.8,4.5,1.3,]],
[[5.7,2.5,5.0,2.0,],[5.0,3.5,1.3,0.3,],[6.4,3.1,5.5,1.8,]],
[[5.6,3.0,4.5,1.5,],[4.6,3.1,1.5,0.2,],[6.8,3.2,5.9,2.3,]],
[[6.4,3.2,4.5,1.5,],[6.7,3.3,5.7,2.1,],[4.6,3.4,1.4,0.3,]],
[[5.7,3.0,4.2,1.2,],[5.4,3.4,1.5,0.4,],[6.4,3.2,5.3,2.3,]],
[[6.4,2.8,5.6,2.2,],[5.2,3.5,1.5,0.2,],[5.7,3.0,4.2,1.2,]],
[[6.4,3.2,5.3,2.3,],[4.9,3.1,1.5,0.1,],[6.0,2.9,4.5,1.5,]],
[[6.1,2.9,4.7,1.4,],[6.2,3.4,5.4,2.3,],[5.1,3.7,1.5,0.4,]],
[[6.3,2.5,5.0,1.9,],[5.6,2.7,4.2,1.3,],[4.6,3.2,1.4,0.2,]],
[[7.2,3.6,6.1,2.5,],[6.1,2.8,4.7,1.2,],[4.4,3.2,1.3,0.2,]],
[[5.7,3.0,4.2,1.2,],[5.1,3.4,1.5,0.2,],[6.7,2.5,5.8,1.8,]],
[[6.3,3.3,6.0,2.5,],[6.2,2.9,4.3,1.3,],[5.1,3.4,1.5,0.2,]],
[[5.8,2.6,4.0,1.2,],[5.2,3.4,1.4,0.2,],[6.5,3.2,5.1,2.0,]],
[[5.0,3.3,1.4,0.2,],[6.9,3.1,5.4,2.1,],[6.0,2.7,5.1,1.6,]],
[[6.9,3.1,5.4,2.1,],[5.0,3.3,1.4,0.2,],[6.6,3.0,4.4,1.4,]],
[[5.0,3.4,1.6,0.4,],[6.7,3.3,5.7,2.1,],[6.2,2.9,4.3,1.3,]],
[[5.7,3.0,4.2,1.2,],[5.1,3.5,1.4,0.3,],[7.1,3.0,5.9,2.1,]],
[[5.7,2.8,4.5,1.3,],[5.4,3.4,1.7,0.2,],[6.4,3.1,5.5,1.8,]],
[[5.6,3.0,4.5,1.5,],[6.5,3.0,5.2,2.0,],[4.9,3.1,1.5,0.1,]],
[[5.0,3.4,1.6,0.4,],[5.2,2.7,3.9,1.4,],[7.1,3.0,5.9,2.1,]],
[[6.7,3.1,5.6,2.4,],[5.0,3.3,1.4,0.2,],[5.8,2.6,4.0,1.2,]],
[[5.7,2.8,4.5,1.3,],[5.0,3.6,1.4,0.2,],[6.4,3.1,5.5,1.8,]],
[[5.5,2.3,4.0,1.3,],[6.9,3.1,5.4,2.1,],[5.1,3.4,1.5,0.2,]],
[[6.7,3.3,5.7,2.5,],[5.5,2.5,4.0,1.3,],[4.8,3.4,1.6,0.2,]],
[[4.9,3.0,1.4,0.2,],[6.6,3.0,4.4,1.4,],[6.7,3.0,5.2,2.3,]],
[[7.2,3.0,5.8,1.6,],[5.0,3.4,1.5,0.2,],[6.3,2.8,5.1,1.5,]],
[[4.4,3.2,1.3,0.2,],[5.5,2.5,4.0,1.3,],[6.5,3.0,5.2,2.0,]],
[[5.0,3.5,1.3,0.3,],[6.4,2.9,4.3,1.3,],[6.2,3.4,5.4,2.3,]],


iris_normalize
[[0.416666666667,0.291666666667,0.694915254237,0.75,],[0.138888888889,0.583333333333,0.101694915254,0.0416666666667,],[0.611111111111,0.416666666667,0.762711864407,0.708333333333,]],
[[0.527777777778,0.0833333333333,0.593220338983,0.583333333333,],[0.25,0.625,0.0847457627119,0.0416666666667,],[0.583333333333,0.458333333333,0.762711864407,0.708333333333,]],
[[0.666666666667,0.458333333333,0.779661016949,0.958333333333,],[0.277777777778,0.708333333333,0.0847457627119,0.0416666666667,],[0.388888888889,0.333333333333,0.525423728814,0.5,]],
[[0.555555555556,0.375,0.779661016949,0.708333333333,],[0.361111111111,0.208333333333,0.491525423729,0.416666666667,],[0.111111111111,0.5,0.0508474576271,0.0416666666667,]],
[[0.666666666667,0.541666666667,0.796610169492,0.833333333333,],[0.333333333333,0.625,0.0508474576271,0.0416666666667,],[0.527777777778,0.333333333333,0.64406779661,0.708333333333,]],
[[0.583333333333,0.333333333333,0.779661016949,0.875,],[0.166666666667,0.458333333333,0.0847457627119,0.0,],[0.388888888889,0.333333333333,0.593220338983,0.5,]],
[[0.666666666667,0.416666666667,0.677966101695,0.666666666667,],[0.194444444444,0.541666666667,0.0677966101695,0.0416666666667,],[0.416666666667,0.291666666667,0.525423728814,0.375,]],
[[0.194444444444,0.625,0.0508474576271,0.0833333333333,],[0.416666666667,0.291666666667,0.694915254237,0.75,],[0.666666666667,0.541666666667,0.796610169492,0.833333333333,]],
[[0.388888888889,0.416666666667,0.542372881356,0.458333333333,],[0.194444444444,0.583333333333,0.0847457627119,0.0416666666667,],[0.805555555556,0.5,0.847457627119,0.708333333333,]],
[[0.416666666667,0.25,0.508474576271,0.458333333333,],[0.833333333333,0.375,0.898305084746,0.708333333333,],[0.222222222222,0.625,0.0677966101695,0.0416666666667,]],
[[0.25,0.583333333333,0.0677966101695,0.0416666666667,],[0.555555555556,0.291666666667,0.661016949153,0.708333333333,],[0.666666666667,0.541666666667,0.796610169492,1.0,]],
[[0.194444444444,0.583333333333,0.101694915254,0.125,],[0.722222222222,0.458333333333,0.661016949153,0.583333333333,],[0.416666666667,0.25,0.508474576271,0.458333333333,]],
[[0.472222222222,0.0833333333333,0.508474576271,0.375,],[0.555555555556,0.375,0.779661016949,0.708333333333,],[0.25,0.625,0.0847457627119,0.0416666666667,]],
[[0.777777777778,0.416666666667,0.830508474576,0.833333333333,],[0.472222222222,0.375,0.593220338983,0.583333333333,],[0.305555555556,0.583333333333,0.118644067797,0.0416666666667,]],
[[0.138888888889,0.583333333333,0.152542372881,0.0416666666667,],[0.5,0.416666666667,0.661016949153,0.708333333333,],[0.805555555556,0.5,0.847457627119,0.708333333333,]],
[[0.805555555556,0.666666666667,0.864406779661,1.0,],[0.472222222222,0.416666666667,0.64406779661,0.708333333333,],[0.222222222222,0.708333333333,0.0847457627119,0.125,]],
[[0.555555555556,0.208333333333,0.677966101695,0.75,],[0.583333333333,0.375,0.559322033898,0.5,],[0.222222222222,0.625,0.0677966101695,0.0416666666667,]],
[[0.777777777778,0.416666666667,0.830508474576,0.833333333333,],[0.0833333333333,0.583333333333,0.0677966101695,0.0833333333333,],[0.5,0.333333333333,0.627118644068,0.458333333333,]],
[[0.138888888889,0.583333333333,0.101694915254,0.0416666666667,],[0.222222222222,0.208333333333,0.338983050847,0.416666666667,],[0.666666666667,0.208333333333,0.813559322034,0.708333333333,]],
[[0.194444444444,0.583333333333,0.0847457627119,0.0416666666667,],[0.5,0.333333333333,0.627118644068,0.458333333333,],[0.805555555556,0.5,0.847457627119,0.708333333333,]],
[[0.388888888889,0.375,0.542372881356,0.5,],[0.305555555556,0.791666666667,0.118644067797,0.125,],[0.722222222222,0.458333333333,0.745762711864,0.833333333333,]],
[[0.722222222222,0.458333333333,0.694915254237,0.916666666667,],[0.472222222222,0.375,0.593220338983,0.583333333333,],[0.194444444444,0.541666666667,0.0677966101695,0.0416666666667,]],
[[0.611111111111,0.416666666667,0.71186440678,0.791666666667,],[0.388888888889,0.25,0.423728813559,0.375,],[0.194444444444,0.583333333333,0.101694915254,0.125,]],
[[0.333333333333,0.208333333333,0.508474576271,0.5,],[0.166666666667,0.458333333333,0.0847457627119,0.0,],[0.444444444444,0.5,0.64406779661,0.708333333333,]],
[[0.416666666667,0.25,0.508474576271,0.458333333333,],[0.666666666667,0.541666666667,0.796610169492,0.833333333333,],[0.25,0.625,0.0847457627119,0.0416666666667,]],
[[0.805555555556,0.666666666667,0.864406779661,1.0,],[0.666666666667,0.458333333333,0.627118644068,0.583333333333,],[0.25,0.583333333333,0.0677966101695,0.0416666666667,]],
[[0.194444444444,0.583333333333,0.0847457627119,0.0416666666667,],[0.472222222222,0.375,0.593220338983,0.583333333333,],[0.277777777778,0.708333333333,0.0847457627119,0.0416666666667,]],
[[0.305555555556,0.583333333333,0.0847457627119,0.125,],[0.555555555556,0.583333333333,0.779661016949,0.958333333333,],[0.472222222222,0.375,0.593220338983,0.583333333333,]],
[[0.138888888889,0.583333333333,0.101694915254,0.0416666666667,],[0.472222222222,0.375,0.593220338983,0.583333333333,],[0.666666666667,0.458333333333,0.779661016949,0.958333333333,]],
[[0.111111111111,0.5,0.101694915254,0.0416666666667,],[0.611111111111,0.416666666667,0.71186440678,0.791666666667,],[0.5,0.25,0.779661016949,0.541666666667,]],




wine
[[14.39,1.87,2.45,14.6,96.0,2.5,2.52,0.3,1.98,5.25,1.02,3.58,1290.0,],[12.08,1.13,2.51,24.0,78.0,2.0,1.58,0.4,1.4,2.2,1.31,2.72,630.0,],[12.88,2.99,2.4,20.0,104.0,1.3,1.22,0.24,0.83,5.4,0.74,1.42,530.0,]],
[[14.02,1.68,2.21,16.0,96.0,2.65,2.33,0.26,1.98,4.7,1.04,3.59,1035.0,],[13.73,4.36,2.26,22.5,88.0,1.28,0.47,0.52,1.15,6.62,0.78,1.75,520.0,],[14.1,2.16,2.3,18.0,105.0,2.95,3.32,0.22,2.38,5.75,1.25,3.17,1510.0,]],
[[12.37,1.13,2.16,19.0,87.0,3.5,3.1,0.19,1.87,4.45,1.22,2.87,420.0,],[13.05,1.73,2.04,12.4,92.0,2.72,3.27,0.17,2.91,7.2,1.12,2.91,1150.0,],[11.62,1.99,2.28,18.0,98.0,3.02,2.26,0.17,1.35,3.25,1.16,2.96,345.0,]],
[[13.11,1.01,1.7,15.0,78.0,2.98,3.18,0.26,2.28,5.3,1.12,3.18,502.0,],[12.77,3.43,1.98,16.0,80.0,1.63,1.25,0.43,0.83,3.4,0.7,2.12,372.0,],[14.34,1.68,2.7,25.0,98.0,2.8,1.31,0.53,2.7,13.0,0.57,1.96,660.0,]],
[[14.39,1.87,2.45,14.6,96.0,2.5,2.52,0.3,1.98,5.25,1.02,3.58,1290.0,],[12.47,1.52,2.2,19.0,162.0,2.5,2.27,0.32,3.28,2.6,1.16,2.63,937.0,],[11.46,3.74,1.82,19.5,107.0,3.18,2.58,0.24,3.58,2.9,0.75,2.81,562.0,]],
[[12.37,1.07,2.1,18.5,88.0,3.52,3.75,0.24,1.95,4.5,1.04,2.77,660.0,],[13.88,1.89,2.59,15.0,101.0,3.25,3.56,0.17,1.7,5.43,0.88,3.56,1095.0,],[11.56,2.05,3.23,28.5,119.0,3.18,5.08,0.47,1.87,6.0,0.93,3.69,465.0,]],
[[12.64,1.36,2.02,16.8,100.0,2.02,1.41,0.53,0.62,5.75,0.98,1.59,450.0,],[12.33,1.1,2.28,16.0,101.0,2.05,1.09,0.63,0.41,3.27,1.25,1.67,680.0,],[13.29,1.97,2.68,16.8,102.0,3.0,3.23,0.31,1.66,6.0,1.07,2.84,1270.0,]],
[[11.82,1.72,1.88,19.5,86.0,2.5,1.64,0.37,1.42,2.06,0.94,2.44,415.0,],[12.6,2.46,2.2,18.5,94.0,1.62,0.66,0.63,0.94,7.1,0.73,1.58,695.0,],[12.08,1.83,2.32,18.5,81.0,1.6,1.5,0.52,1.64,2.4,1.08,2.27,480.0,]],
[[13.3,1.72,2.14,17.0,94.0,2.4,2.19,0.27,1.35,3.95,1.02,2.77,1285.0,],[14.13,4.1,2.74,24.5,96.0,2.05,0.76,0.56,1.35,9.2,0.61,1.6,560.0,],[14.22,1.7,2.3,16.3,118.0,3.2,3.0,0.26,2.03,6.38,0.94,3.31,970.0,]],
[[12.21,1.19,1.75,16.8,151.0,1.85,1.28,0.14,2.5,2.85,1.28,3.07,718.0,],[12.7,3.55,2.36,21.5,106.0,1.7,1.2,0.17,0.84,5.0,0.78,1.29,600.0,],[14.06,2.15,2.61,17.6,121.0,2.6,2.51,0.31,1.25,5.05,1.06,3.58,1295.0,]],
[[13.03,0.9,1.71,16.0,86.0,1.95,2.03,0.24,1.46,4.6,1.19,2.48,392.0,],[12.6,1.34,1.9,18.5,88.0,1.45,1.36,0.29,1.35,2.45,1.04,2.77,562.0,],[12.29,3.17,2.21,18.0,88.0,2.85,2.99,0.45,2.81,2.3,1.42,2.83,406.0,]],
[[12.17,1.45,2.53,19.0,104.0,1.89,1.75,0.45,1.03,2.95,1.45,2.23,355.0,],[12.42,2.55,2.27,22.0,90.0,1.68,1.84,0.66,1.42,2.7,0.86,3.3,315.0,],[12.37,1.13,2.16,19.0,87.0,3.5,3.1,0.19,1.87,4.45,1.22,2.87,420.0,]],
[[12.37,1.07,2.1,18.5,88.0,3.52,3.75,0.24,1.95,4.5,1.04,2.77,660.0,],[12.51,1.24,2.25,17.5,85.0,2.0,0.58,0.6,1.25,5.45,0.75,1.51,650.0,],[13.32,3.24,2.38,21.5,92.0,1.93,0.76,0.45,1.25,8.42,0.55,1.62,650.0,]],
[[13.2,1.78,2.14,11.2,100.0,2.65,2.76,0.26,1.28,4.38,1.05,3.4,1050.0,],[12.58,1.29,2.1,20.0,103.0,1.48,0.58,0.53,1.4,7.6,0.58,1.55,640.0,],[13.63,1.81,2.7,17.2,112.0,2.85,2.91,0.3,1.46,7.3,1.28,2.88,1310.0,]],
[[13.41,3.84,2.12,18.8,90.0,2.45,2.68,0.27,1.48,4.28,0.91,3.0,1035.0,],[14.23,1.71,2.43,15.6,127.0,2.8,3.06,0.28,2.29,5.64,1.04,3.92,1065.0,],[14.21,4.04,2.44,18.9,111.0,2.85,2.65,0.3,1.25,5.24,0.87,3.33,1080.0,]],
[[13.5,3.12,2.62,24.0,123.0,1.4,1.57,0.22,1.25,8.6,0.59,1.3,500.0,],[12.42,4.43,2.73,26.5,102.0,2.2,2.13,0.43,1.71,2.08,0.92,3.12,365.0,],[14.12,1.48,2.32,16.8,95.0,2.2,2.43,0.26,1.57,5.0,1.17,2.82,1280.0,]],
[[11.61,1.35,2.7,20.0,94.0,2.74,2.92,0.29,2.49,2.65,0.96,3.26,680.0,],[14.1,2.02,2.4,18.8,103.0,2.75,2.92,0.32,2.38,6.2,1.07,2.75,1060.0,],[13.27,4.28,2.26,20.0,120.0,1.59,0.69,0.43,1.35,10.2,0.59,1.56,835.0,]],
[[13.3,1.72,2.14,17.0,94.0,2.4,2.19,0.27,1.35,3.95,1.02,2.77,1285.0,],[14.83,1.64,2.17,14.0,97.0,2.8,2.98,0.29,1.98,5.2,1.08,2.85,1045.0,],[13.51,1.8,2.65,19.0,110.0,2.35,2.53,0.29,1.54,4.2,1.1,2.87,1095.0,]],
[[12.2,3.03,2.32,19.0,96.0,1.25,0.49,0.4,0.73,5.5,0.66,1.83,510.0,],[13.56,1.71,2.31,16.2,117.0,3.15,3.29,0.34,2.34,6.13,0.95,3.38,795.0,],[12.16,1.61,2.31,22.8,90.0,1.78,1.69,0.43,1.56,2.45,1.33,2.26,495.0,]],
[[12.85,1.6,2.52,17.8,95.0,2.48,2.37,0.26,1.46,3.93,1.09,3.63,1015.0,],[12.47,1.52,2.2,19.0,162.0,2.5,2.27,0.32,3.28,2.6,1.16,2.63,937.0,],[13.58,1.66,2.36,19.1,106.0,2.86,3.19,0.22,1.95,6.9,1.09,2.88,1515.0,]],
[[11.76,2.68,2.92,20.0,103.0,1.75,2.03,0.6,1.05,3.8,1.23,2.5,607.0,],[12.08,1.13,2.51,24.0,78.0,2.0,1.58,0.4,1.4,2.2,1.31,2.72,630.0,],[13.83,1.57,2.62,20.0,115.0,2.95,3.4,0.4,1.72,6.6,1.13,2.57,1130.0,]],
[[12.08,1.33,2.3,23.6,70.0,2.2,1.59,0.42,1.38,1.74,1.07,3.21,625.0,],[12.51,1.24,2.25,17.5,85.0,2.0,0.58,0.6,1.25,5.45,0.75,1.51,650.0,],[13.08,3.9,2.36,21.5,113.0,1.41,1.39,0.34,1.14,9.4,0.57,1.33,550.0,]],
[[13.08,3.9,2.36,21.5,113.0,1.41,1.39,0.34,1.14,9.4,0.57,1.33,550.0,],[13.74,1.67,2.25,16.4,118.0,2.6,2.9,0.21,1.62,5.85,0.92,3.2,1060.0,],[13.73,4.36,2.26,22.5,88.0,1.28,0.47,0.52,1.15,6.62,0.78,1.75,520.0,]],
[[13.36,2.56,2.35,20.0,89.0,1.4,0.5,0.37,0.64,5.6,0.7,2.47,780.0,],[13.83,1.57,2.62,20.0,115.0,2.95,3.4,0.4,1.72,6.6,1.13,2.57,1130.0,],[13.58,2.58,2.69,24.5,105.0,1.55,0.84,0.39,1.54,8.66,0.74,1.8,750.0,]],
[[12.0,1.51,2.42,22.0,86.0,1.45,1.25,0.5,1.63,3.6,1.05,2.65,450.0,],[14.83,1.64,2.17,14.0,97.0,2.8,2.98,0.29,1.98,5.2,1.08,2.85,1045.0,],[12.77,3.43,1.98,16.0,80.0,1.63,1.25,0.43,0.83,3.4,0.7,2.12,372.0,]],
[[13.5,1.81,2.61,20.0,96.0,2.53,2.61,0.28,1.66,3.52,1.12,3.82,845.0,],[14.23,1.71,2.43,15.6,127.0,2.8,3.06,0.28,2.29,5.64,1.04,3.92,1065.0,],[13.05,1.65,2.55,18.0,98.0,2.45,2.43,0.29,1.44,4.25,1.12,2.51,1105.0,]],
[[13.4,4.6,2.86,25.0,112.0,1.98,0.96,0.27,1.11,8.5,0.67,1.92,630.0,],[13.63,1.81,2.7,17.2,112.0,2.85,2.91,0.3,1.46,7.3,1.28,2.88,1310.0,],[12.88,2.99,2.4,20.0,104.0,1.3,1.22,0.24,0.83,5.4,0.74,1.42,530.0,]],
[[11.45,2.4,2.42,20.0,96.0,2.9,2.79,0.32,1.83,3.25,0.8,3.39,625.0,],[13.58,1.66,2.36,19.1,106.0,2.86,3.19,0.22,1.95,6.9,1.09,2.88,1515.0,],[14.37,1.95,2.5,16.8,113.0,3.85,3.49,0.24,2.18,7.8,0.86,3.45,1480.0,]],
[[12.37,1.21,2.56,18.1,98.0,2.42,2.65,0.37,2.08,4.6,1.19,2.3,678.0,],[13.4,3.91,2.48,23.0,102.0,1.8,0.75,0.43,1.41,7.3,0.7,1.56,750.0,],[13.24,2.59,2.87,21.0,118.0,2.8,2.69,0.39,1.82,4.32,1.04,2.93,735.0,]],
[[13.73,1.5,2.7,22.5,101.0,3.0,3.25,0.29,2.38,5.7,1.19,2.71,1285.0,],[13.24,3.98,2.29,17.5,103.0,2.64,2.63,0.32,1.66,4.36,0.82,3.0,680.0,],[14.06,2.15,2.61,17.6,121.0,2.6,2.51,0.31,1.25,5.05,1.06,3.58,1295.0,]],




wine_normalize
[[0.344736842105,0.337944664032,0.588235294118,0.536082474227,0.304347826087,0.544827586207,0.373417721519,0.396226415094,0.283911671924,0.129692832765,0.260162601626,0.772893772894,0.114122681883,],[0.623684210526,0.626482213439,0.598930481283,0.639175257732,0.347826086957,0.28275862069,0.0864978902954,0.566037735849,0.315457413249,0.513651877133,0.178861788618,0.106227106227,0.336661911555,],[0.744736842105,0.120553359684,0.486631016043,0.278350515464,0.304347826087,0.689655172414,0.592827004219,0.169811320755,0.454258675079,0.506825938567,0.430894308943,0.835164835165,0.547075606277,]],
[[0.652631578947,0.209486166008,0.689839572193,0.432989690722,0.434782608696,0.472413793103,0.462025316456,0.301886792453,0.356466876972,0.249146757679,0.50406504065,0.586080586081,0.582738944365,],[0.539473684211,0.624505928854,0.534759358289,0.561855670103,0.467391304348,0.148275862069,0.221518987342,0.396226415094,0.230283911672,0.692832764505,0.0731707317073,0.021978021978,0.194008559201,],[0.647368421053,0.181818181818,0.470588235294,0.690721649485,0.184782608696,0.310344827586,0.316455696203,0.264150943396,0.195583596215,0.209897610922,0.406504065041,0.553113553114,0.138373751783,]],
[[0.365789473684,0.171936758893,0.44385026738,0.613402061856,0.413043478261,0.351724137931,0.369198312236,0.396226415094,0.378548895899,0.0665529010239,0.471544715447,0.619047619048,0.0477888730385,],[0.75,0.227272727273,0.657754010695,0.226804123711,0.336956521739,0.78275862069,0.679324894515,0.0754716981132,0.406940063091,0.35409556314,0.325203252033,0.838827838828,0.582738944365,],[0.739473684211,0.667984189723,0.545454545455,0.458762886598,0.20652173913,0.28275862069,0.103375527426,0.660377358491,0.362776025237,0.659556313993,0.0731707317073,0.135531135531,0.144079885877,]],
[[0.531578947368,0.203557312253,0.395721925134,0.329896907216,0.402173913043,0.696551724138,0.561181434599,0.283018867925,0.511041009464,0.320819112628,0.325203252033,0.761904761905,0.432952924394,],[0.471052631579,0.51976284585,0.502673796791,0.458762886598,0.195652173913,0.172413793103,0.0675105485232,0.509433962264,0.17665615142,0.766211604096,0.19512195122,0.175824175824,0.29029957204,],[0.444736842105,0.211462450593,0.449197860963,0.422680412371,0.173913043478,0.420689655172,0.462025316456,0.245283018868,0.429022082019,0.223549488055,0.552845528455,0.684981684982,0.310984308131,]],
[[0.707894736842,0.136363636364,0.609625668449,0.314432989691,0.413043478261,0.834482758621,0.70253164557,0.11320754717,0.514195583596,0.470989761092,0.333333333333,0.586080586081,0.718259629101,],[0.602631578947,0.494071146245,0.545454545455,0.561855670103,0.239130434783,0.327586206897,0.0886075949367,0.603773584906,0.264984227129,0.609215017065,0.0569105691057,0.128205128205,0.265335235378,],[0.392105263158,0.333992094862,0.433155080214,0.536082474227,0.195652173913,0.541379310345,0.407172995781,0.245283018868,0.255520504732,0.061433447099,0.341463414634,0.553113553114,0.0335235378031,]],
[[0.255263157895,0.152173913043,0.566844919786,0.587628865979,0.173913043478,0.162068965517,0.191983122363,0.698113207547,0.384858044164,0.19795221843,0.463414634146,0.505494505495,0.122681883024,],[0.807894736842,0.252964426877,0.55614973262,0.422680412371,0.358695652174,0.610344827586,0.544303797468,0.358490566038,0.621451104101,0.419795221843,0.479674796748,0.542124542125,0.557774607703,],[0.321052631579,0.620553359684,0.449197860963,0.407216494845,0.45652173913,0.137931034483,0.0928270042194,0.301886792453,0.230283911672,0.591296928328,0.138211382114,0.267399267399,0.411554921541,]],
[[0.644736842105,0.211462450593,0.561497326203,0.510309278351,0.326086956522,0.593103448276,0.556962025316,0.245283018868,0.457413249211,0.325938566553,0.455284552846,0.805860805861,0.457917261056,],[0.476315789474,0.438735177866,0.668449197861,0.690721649485,0.336956521739,0.462068965517,0.0548523206751,0.754716981132,0.1261829653,0.310580204778,0.333333333333,0.322344322344,0.222539229672,],[0.560526315789,0.559288537549,0.422459893048,0.536082474227,0.347826086957,0.179310344828,0.0443037974684,0.566037735849,0.280757097792,0.232081911263,0.0975609756098,0.150183150183,0.393723252496,]],
[[0.715789473684,0.195652173913,0.561497326203,0.278350515464,0.20652173913,0.558620689655,0.510548523207,0.301886792453,0.441640378549,0.368600682594,0.544715447154,0.59706959707,0.743223965763,],[0.476315789474,0.438735177866,0.668449197861,0.690721649485,0.336956521739,0.462068965517,0.0548523206751,0.754716981132,0.1261829653,0.310580204778,0.333333333333,0.322344322344,0.222539229672,],[0.276315789474,0.264822134387,0.181818181818,0.355670103093,0.29347826087,0.431034482759,0.386075949367,0.245283018868,0.312302839117,0.172354948805,0.642276422764,0.619047619048,0.308131241084,]],
[[0.373684210526,0.45256916996,0.68449197861,0.845360824742,0.29347826087,0.31724137931,0.0506329113924,0.943396226415,0.230283911672,0.530716723549,0.154471544715,0.168498168498,0.429386590585,],[0.652631578947,0.209486166008,0.689839572193,0.432989690722,0.434782608696,0.472413793103,0.462025316456,0.301886792453,0.356466876972,0.249146757679,0.50406504065,0.586080586081,0.582738944365,],[0.207894736842,0.144268774704,0.336898395722,0.525773195876,0.173913043478,0.344827586207,0.26582278481,0.320754716981,0.353312302839,0.0571672354949,0.382113821138,0.754578754579,0.154778887304,]],
[[0.671052631579,0.363636363636,0.711229946524,0.716494845361,0.380434782609,0.196551724138,0.105485232068,0.490566037736,0.356466876972,0.629692832765,0.211382113821,0.194139194139,0.336661911555,],[0.478947368421,0.169960474308,0.620320855615,0.371134020619,0.271739130435,0.51724137931,0.428270042194,0.245283018868,0.331230283912,0.226109215017,0.49593495935,0.864468864469,0.525677603424,],[0.697368421053,0.215415019763,0.534759358289,0.340206185567,0.369565217391,0.496551724138,0.495780590717,0.547169811321,0.492113564669,0.21843003413,0.609756097561,0.586080586081,0.507845934379,]],
[[0.747368421053,0.229249011858,0.770053475936,0.453608247423,0.402173913043,0.679310344828,0.554852320675,0.452830188679,0.425867507886,0.274744027304,0.626016260163,0.78021978022,0.454350927247,],[0.365789473684,0.171936758893,0.44385026738,0.613402061856,0.413043478261,0.351724137931,0.369198312236,0.396226415094,0.378548895899,0.0665529010239,0.471544715447,0.619047619048,0.0477888730385,],[0.560526315789,0.559288537549,0.422459893048,0.536082474227,0.347826086957,0.179310344828,0.0443037974684,0.566037735849,0.280757097792,0.232081911263,0.0975609756098,0.150183150183,0.393723252496,]],
[[0.531578947368,0.179841897233,0.636363636364,0.381443298969,0.304347826087,0.506896551724,0.440928270042,0.301886792453,0.324921135647,0.253412969283,0.520325203252,0.454212454212,0.589871611983,],[0.478947368421,0.5,0.652406417112,0.587628865979,0.391304347826,0.231034482759,0.0548523206751,0.88679245283,0.173501577287,0.366894197952,0.317073170732,0.307692307692,0.208273894437,],[0.75,0.227272727273,0.657754010695,0.226804123711,0.336956521739,0.78275862069,0.679324894515,0.0754716981132,0.406940063091,0.35409556314,0.325203252033,0.838827838828,0.582738944365,]],
[[0.476315789474,0.438735177866,0.668449197861,0.690721649485,0.336956521739,0.462068965517,0.0548523206751,0.754716981132,0.1261829653,0.310580204778,0.333333333333,0.322344322344,0.222539229672,],[0.736842105263,0.179841897233,0.663101604278,0.340206185567,0.260869565217,0.506896551724,0.559071729958,0.169811320755,0.593059936909,0.368600682594,0.617886178862,0.769230769231,0.703994293866,],[0.344736842105,0.337944664032,0.588235294118,0.536082474227,0.304347826087,0.544827586207,0.373417721519,0.396226415094,0.283911671924,0.129692832765,0.260162601626,0.772893772894,0.114122681883,]],
[[0.389473684211,0.195652173913,0.331550802139,0.510309278351,0.163043478261,0.420689655172,0.333333333333,0.358490566038,0.337539432177,0.141638225256,0.455284552846,0.842490842491,0.281027104137,],[1.0,0.177865612648,0.433155080214,0.175257731959,0.29347826087,0.627586206897,0.556962025316,0.301886792453,0.495268138801,0.334470989761,0.487804878049,0.578754578755,0.547075606277,],[0.413157894737,0.339920948617,0.449197860963,0.407216494845,0.260869565217,0.220689655172,0.0675105485232,0.943396226415,0.167192429022,0.496587030717,0.20325203252,0.113553113553,0.297432239658,]],
[[0.560526315789,0.559288537549,0.422459893048,0.536082474227,0.347826086957,0.179310344828,0.0443037974684,0.566037735849,0.280757097792,0.232081911263,0.0975609756098,0.150183150183,0.393723252496,],[0.697368421053,0.215415019763,0.534759358289,0.340206185567,0.369565217391,0.496551724138,0.495780590717,0.547169811321,0.492113564669,0.21843003413,0.609756097561,0.586080586081,0.507845934379,],[0.723684210526,0.399209486166,0.502673796791,0.587628865979,0.217391304348,0.127586206897,0.0717299578059,0.528301886792,0.195583596215,0.70819112628,0.178861788618,0.150183150183,0.240370898716,]],
[[0.110526315789,0.328063241107,0.566844919786,0.484536082474,0.282608695652,0.662068965517,0.516877637131,0.358490566038,0.447949526814,0.168088737201,0.260162601626,0.776556776557,0.247503566334,],[0.536842105263,0.150197628458,0.395721925134,0.252577319588,0.304347826087,0.489655172414,0.485232067511,0.283018867925,0.302839116719,0.206484641638,0.569105691057,0.520146520147,0.529243937233,],[0.484210526316,0.764822134387,0.598930481283,0.561855670103,0.173913043478,0.248275862069,0.0654008438819,0.641509433962,0.141955835962,0.543515358362,0.0487804878049,0.216117216117,0.247503566334,]],
[[0.594736842105,0.243083003953,0.705882352941,0.319587628866,0.347826086957,0.696551724138,0.60970464135,0.339622641509,0.394321766562,0.402730375427,0.479674796748,0.575091575092,0.707560627675,],[0.623684210526,0.762845849802,0.802139037433,0.742268041237,0.45652173913,0.344827586207,0.130801687764,0.264150943396,0.220820189274,0.616040955631,0.154471544715,0.238095238095,0.251069900143,],[0.276315789474,0.0770750988142,0.614973262032,0.690721649485,0.0869565217391,0.351724137931,0.261603375527,0.509433962264,0.312302839117,0.0784982935154,0.674796747967,0.531135531136,0.251069900143,]],
[[0.823684210526,0.349802371542,0.598930481283,0.484536082474,0.228260869565,0.241379310345,0.0759493670886,0.584905660377,0.261829652997,0.71843003413,0.113821138211,0.161172161172,0.272467902996,],[0.686842105263,0.466403162055,0.641711229947,0.237113402062,0.5,0.593103448276,0.567510548523,0.0754716981132,0.394321766562,0.325938566553,0.390243902439,0.765567765568,0.404422253923,],[0.273684210526,0.280632411067,0.433155080214,0.536082474227,0.163043478261,0.558620689655,0.487341772152,0.452830188679,0.296529968454,0.126279863481,0.308943089431,0.736263736264,0.0713266761769,]],
[[0.65,0.211462450593,0.668449197861,0.484536082474,0.282608695652,0.534482758621,0.478902953586,0.283018867925,0.394321766562,0.191126279863,0.520325203252,0.934065934066,0.404422253923,],[0.563157894737,0.365612648221,0.540106951872,0.484536082474,0.54347826087,0.231034482759,0.0717299578059,0.754716981132,0.331230283912,0.684300341297,0.0975609756098,0.128205128205,0.400855920114,],[0.531578947368,0.179841897233,0.636363636364,0.381443298969,0.304347826087,0.506896551724,0.440928270042,0.301886792453,0.324921135647,0.253412969283,0.520325203252,0.454212454212,0.589871611983,]],
[[0.273684210526,0.280632411067,0.433155080214,0.536082474227,0.163043478261,0.558620689655,0.487341772152,0.452830188679,0.296529968454,0.126279863481,0.308943089431,0.736263736264,0.0713266761769,],[0.5,0.604743083004,0.689839572193,0.412371134021,0.347826086957,0.493103448276,0.436708860759,0.22641509434,0.495268138801,0.274744027304,0.447154471545,0.824175824176,0.35092724679,],[0.457894736842,0.53162055336,0.331550802139,0.278350515464,0.108695652174,0.224137931034,0.191983122363,0.566037735849,0.132492113565,0.180887372014,0.178861788618,0.311355311355,0.0670470756063,]],
[[0.589473684211,0.699604743083,0.48128342246,0.484536082474,0.54347826087,0.210344827586,0.0738396624473,0.566037735849,0.296529968454,0.761092150171,0.0894308943089,0.106227106227,0.397289586305,],[0.713157894737,0.183794466403,0.475935828877,0.298969072165,0.521739130435,0.558620689655,0.540084388186,0.150943396226,0.381703470032,0.389931740614,0.357723577236,0.70695970696,0.557774607703,],[0.365789473684,0.171936758893,0.44385026738,0.613402061856,0.413043478261,0.351724137931,0.369198312236,0.396226415094,0.378548895899,0.0665529010239,0.471544715447,0.619047619048,0.0477888730385,]],
[[0.721052631579,0.229249011858,0.705882352941,0.335051546392,0.489130434783,0.696551724138,0.516877637131,0.490566037736,0.400630914826,0.428327645051,0.528455284553,0.608058608059,0.78245363766,],[0.463157894737,0.381422924901,0.598930481283,0.587628865979,0.45652173913,0.172413793103,0.215189873418,0.207547169811,0.268138801262,0.81228668942,0.0,0.0732600732601,0.144079885877,],[0.255263157895,0.152173913043,0.566844919786,0.587628865979,0.173913043478,0.162068965517,0.191983122363,0.698113207547,0.384858044164,0.19795221843,0.463414634146,0.505494505495,0.122681883024,]],
[[0.644736842105,0.211462450593,0.561497326203,0.510309278351,0.326086956522,0.593103448276,0.556962025316,0.245283018868,0.457413249211,0.325938566553,0.455284552846,0.805860805861,0.457917261056,],[0.213157894737,0.0296442687747,0.652406417112,0.381443298969,0.260869565217,0.420689655172,0.394514767932,0.169811320755,0.611987381703,0.151023890785,0.252032520325,0.663003663004,0.172610556348,],[0.823684210526,0.349802371542,0.598930481283,0.484536082474,0.228260869565,0.241379310345,0.0759493670886,0.584905660377,0.261829652997,0.71843003413,0.113821138211,0.161172161172,0.272467902996,]],
[[0.721052631579,0.229249011858,0.705882352941,0.335051546392,0.489130434783,0.696551724138,0.516877637131,0.490566037736,0.400630914826,0.428327645051,0.528455284553,0.608058608059,0.78245363766,],[0.297368421053,0.171936758893,0.508021390374,0.628865979381,0.217391304348,0.275862068966,0.284810126582,0.566037735849,0.362776025237,0.0998293515358,0.691056910569,0.362637362637,0.154778887304,],[0.7,0.498023715415,0.631016042781,0.484536082474,0.402173913043,0.293103448276,0.0464135021097,0.698113207547,0.123028391167,0.392491467577,0.390243902439,0.201465201465,0.286733238231,]],
[[0.7,0.498023715415,0.631016042781,0.484536082474,0.402173913043,0.293103448276,0.0464135021097,0.698113207547,0.123028391167,0.392491467577,0.390243902439,0.201465201465,0.286733238231,],[0.165789473684,0.225296442688,0.299465240642,0.278350515464,0.29347826087,0.21724137931,0.259493670886,0.396226415094,0.233438485804,0.215017064846,0.609756097561,0.318681318681,0.106990014265,],[0.697368421053,0.215415019763,0.534759358289,0.340206185567,0.369565217391,0.496551724138,0.495780590717,0.547169811321,0.492113564669,0.21843003413,0.609756097561,0.586080586081,0.507845934379,]],
[[0.647368421053,0.563241106719,0.44385026738,0.458762886598,0.195652173913,0.220689655172,0.0295358649789,0.849056603774,0.148264984227,0.377133105802,0.268292682927,0.201465201465,0.215406562054,],[0.665789473684,0.195652173913,0.588235294118,0.510309278351,0.5,0.68275862069,0.514767932489,0.132075471698,0.643533123028,0.424061433447,0.406504065041,0.644688644689,0.600570613409,],[0.478947368421,0.169960474308,0.620320855615,0.371134020619,0.271739130435,0.51724137931,0.428270042194,0.245283018868,0.331230283912,0.226109215017,0.49593495935,0.864468864469,0.525677603424,]],
[[0.276315789474,0.264822134387,0.181818181818,0.355670103093,0.29347826087,0.431034482759,0.386075949367,0.245283018868,0.312302839117,0.172354948805,0.642276422764,0.619047619048,0.308131241084,],[0.736842105263,0.164031620553,0.673796791444,0.484536082474,0.489130434783,0.679310344828,0.645569620253,0.509433962264,0.413249211356,0.453924914676,0.528455284553,0.47619047619,0.607703281027,],[0.623684210526,0.626482213439,0.598930481283,0.639175257732,0.347826086957,0.28275862069,0.0864978902954,0.566037735849,0.315457413249,0.513651877133,0.178861788618,0.106227106227,0.336661911555,]],
[[0.307894736842,0.45256916996,0.513368983957,0.432989690722,0.282608695652,0.0931034482759,0.0316455696203,0.509433962264,0.10094637224,0.360068259386,0.146341463415,0.205128205128,0.16547788873,],[0.652631578947,0.209486166008,0.689839572193,0.432989690722,0.434782608696,0.472413793103,0.462025316456,0.301886792453,0.356466876972,0.249146757679,0.50406504065,0.586080586081,0.582738944365,],[0.392105263158,0.333992094862,0.433155080214,0.536082474227,0.195652173913,0.541379310345,0.407172995781,0.245283018868,0.255520504732,0.061433447099,0.341463414634,0.553113553114,0.0335235378031,]],
[[0.276315789474,0.215415019763,0.513368983957,0.407216494845,0.119565217391,0.213793103448,0.244725738397,0.735849056604,0.388012618297,0.0955631399317,0.487804878049,0.3663003663,0.144079885877,],[0.7,0.498023715415,0.631016042781,0.484536082474,0.402173913043,0.293103448276,0.0464135021097,0.698113207547,0.123028391167,0.392491467577,0.390243902439,0.201465201465,0.286733238231,],[0.531578947368,0.203557312253,0.395721925134,0.329896907216,0.402173913043,0.696551724138,0.561181434599,0.283018867925,0.511041009464,0.320819112628,0.325203252033,0.761904761905,0.432952924394,]],
[[0.389473684211,0.098814229249,0.475935828877,0.355670103093,0.163043478261,0.351724137931,0.0506329113924,0.88679245283,0.264984227129,0.355802047782,0.219512195122,0.0879120879121,0.265335235378,],[0.444736842105,0.211462450593,0.449197860963,0.422680412371,0.173913043478,0.420689655172,0.462025316456,0.245283018868,0.429022082019,0.223549488055,0.552845528455,0.684981684982,0.310984308131,],[0.665789473684,0.195652173913,0.588235294118,0.510309278351,0.5,0.68275862069,0.514767932489,0.132075471698,0.643533123028,0.424061433447,0.406504065041,0.644688644689,0.600570613409,]],




seeds_normalize
[[0.38715769594,0.429752066116,0.651542649728,0.373873873874,0.448325017819,0.366784121494,0.344657804037,],[0.117091595845,0.169421487603,0.376588021779,0.204954954955,0.149679258731,0.57599240661,0.387986213688,],[0.770538243626,0.778925619835,0.833030852995,0.682432432432,0.883107626515,0.445058445696,0.725258493353,]],
[[0.353163361662,0.386363636364,0.68058076225,0.340653153153,0.405559515324,0.333237982551,0.347119645495,],[0.0604343720491,0.0847107438017,0.465517241379,0.106981981982,0.136136849608,0.878817823662,0.215657311669,],[0.751652502361,0.787190082645,0.711433756806,0.706081081081,0.744119743407,0.126500149527,0.677006400788,]],
[[0.783758262512,0.789256198347,0.841197822142,0.747747747748,0.811831789024,0.373675382595,0.712456917774,],[0.270066100094,0.332644628099,0.474591651543,0.34740990991,0.310049893086,0.359632812805,0.284588872477,],[0.469310670444,0.512396694215,0.67332123412,0.493806306306,0.554526015681,0.546997100469,0.653865091088,]],
[[0.33238904627,0.349173553719,0.753176043557,0.293355855856,0.47897362794,0.251583039696,0.236829148203,],[0.0840415486308,0.132231404959,0.355716878403,0.158220720721,0.0912330719886,0.664538610566,0.237813884786,],[0.830028328612,0.890495867769,0.576225045372,0.790540540541,0.827512473272,0.378746310575,0.711964549483,]],
[[0.356940509915,0.409090909091,0.585299455535,0.377252252252,0.372772630078,0.0908736298743,0.384539635647,],[0.0727101038716,0.132231404959,0.273139745917,0.155405405405,0.0890947968639,0.426855114486,0.366322008863,],[0.588290840415,0.640495867769,0.639745916515,0.629504504505,0.610121168924,0.421134067534,0.650910881339,]],
[[0.761095372993,0.826446280992,0.559891107078,0.780405405405,0.687099073414,0.471453275949,0.779419005416,],[0.151085930123,0.196280991736,0.451905626134,0.192004504505,0.1988595866,0.532044364119,0.314623338257,],[0.303116147309,0.336776859504,0.647005444646,0.268581081081,0.374198146828,0.103355914132,0.217626784835,]],
[[0.330500472144,0.413223140496,0.406533575318,0.460585585586,0.39629365645,0.410212068809,0.384047267356,],[0.151085930123,0.196280991736,0.451905626134,0.192004504505,0.1988595866,0.532044364119,0.314623338257,],[0.66477809254,0.737603305785,0.53720508167,0.727477477477,0.663578047042,0.430495780728,0.758739537174,]],
[[0.0632672332389,0.123966942149,0.248638838475,0.161599099099,0.0570206699929,0.59419573782,0.282127031019,],[0.353163361662,0.386363636364,0.68058076225,0.340653153153,0.405559515324,0.333237982551,0.347119645495,],[0.837582625118,0.845041322314,0.820326678766,0.683558558559,0.899501069138,0.460661301018,0.733628754308,]],
[[0.014164305949,0.0661157024793,0.225045372051,0.138513513514,0.00855310049893,0.511890675994,0.218611521418,],[0.274787535411,0.297520661157,0.699637023593,0.254504504505,0.376336421953,0.192942308442,0.323485967504,],[0.789423984891,0.828512396694,0.678765880218,0.759572072072,0.801853171775,0.338438934325,0.802067946824,]],
[[0.0642115203022,0.115702479339,0.306715063521,0.106418918919,0.0947968638632,0.460791324812,0.236829148203,],[0.322946175637,0.388429752066,0.493647912886,0.399774774775,0.376336421953,0.188781547023,0.301821762678,],[0.811142587347,0.871900826446,0.577132486388,0.827702702703,0.749109052031,0.337008672587,0.841949778434,]],
[[0.698772426818,0.712809917355,0.82667876588,0.557995495495,0.758374910905,0.169408001664,0.648941408173,],[0.274787535411,0.297520661157,0.699637023593,0.254504504505,0.376336421953,0.192942308442,0.323485967504,],[0.0717658168083,0.146694214876,0.19056261343,0.155968468468,0.0270848182466,0.464431991054,0.301821762678,]],
[[0.137865911237,0.206611570248,0.303992740472,0.207207207207,0.154668567356,0.549077481179,0.259478089611,],[0.823418319169,0.863636363636,0.666061705989,0.811936936937,0.841054882395,0.35261152791,0.846381093058,],[0.301227573182,0.340909090909,0.615245009074,0.326576576577,0.374910905203,0.308273414035,0.173806006893,]],
[[0.322946175637,0.388429752066,0.493647912886,0.399774774775,0.376336421953,0.188781547023,0.301821762678,],[0.811142587347,0.871900826446,0.577132486388,0.827702702703,0.749109052031,0.337008672587,0.841949778434,],[0.168083097262,0.219008264463,0.441016333938,0.171734234234,0.235210263721,0.410082045014,0.237321516494,]],
[[0.135033050047,0.190082644628,0.382940108893,0.253941441441,0.128296507484,0.455850420627,0.388478581979,],[0.635505193579,0.723140495868,0.470054446461,0.655968468468,0.550962223806,0.397729784551,0.690792712949,],[0.405099150142,0.446280991736,0.662431941924,0.368806306306,0.501069137562,0.0328830175922,0.215164943378,]],
[[0.639282341832,0.692148760331,0.638838475499,0.701576576577,0.672843905916,0.358982693833,0.714918759232,],[0.368271954674,0.454545454545,0.414700544465,0.459459459459,0.344262295082,0.435696732502,0.43180699163,],[0.270066100094,0.332644628099,0.474591651543,0.34740990991,0.310049893086,0.359632812805,0.284588872477,]],
[[0.761095372993,0.826446280992,0.559891107078,0.780405405405,0.687099073414,0.471453275949,0.779419005416,],[0.365439093484,0.400826446281,0.668784029038,0.275337837838,0.532430506058,0.26484546672,0.258493353028,],[0.117091595845,0.169421487603,0.376588021779,0.204954954955,0.149679258731,0.57599240661,0.387986213688,]],
[[0.770538243626,0.778925619835,0.833030852995,0.682432432432,0.883107626515,0.445058445696,0.725258493353,],[0.311614730878,0.332644628099,0.725045372051,0.304054054054,0.405559515324,0.418793639236,0.107828655835,],[0.135033050047,0.190082644628,0.382940108893,0.253941441441,0.128296507484,0.455850420627,0.388478581979,]],
[[0.761095372993,0.826446280992,0.559891107078,0.780405405405,0.687099073414,0.471453275949,0.779419005416,],[0.490084985836,0.51652892562,0.764065335753,0.436373873874,0.573057733428,0.627741876763,0.303791235844,],[0.151085930123,0.196280991736,0.451905626134,0.192004504505,0.1988595866,0.532044364119,0.314623338257,]],
[[0.0519357884797,0.0785123966942,0.432849364791,0.0630630630631,0.116892373485,0.731110793275,0.260955194485,],[0.353163361662,0.386363636364,0.68058076225,0.340653153153,0.405559515324,0.333237982551,0.347119645495,],[0.779981114259,0.776859504132,0.884754990926,0.705518018018,0.838203848895,0.270176442289,0.827671097981,]],
[[0.417374881964,0.485537190083,0.522686025408,0.501126126126,0.43834640057,0.133391410628,0.237321516494,],[0.151085930123,0.196280991736,0.451905626134,0.192004504505,0.1988595866,0.532044364119,0.314623338257,],[0.712936732767,0.76652892562,0.627041742287,0.653153153153,0.665003563792,0.371074906708,0.734613490891,]],
[[0.337110481586,0.411157024793,0.456442831216,0.427364864865,0.355666429081,0.299951891196,0.323485967504,],[0.0632672332389,0.123966942149,0.248638838475,0.161599099099,0.0570206699929,0.59419573782,0.282127031019,],[0.891406987724,0.927685950413,0.662431941924,0.897522522523,0.874554526016,0.298781677047,0.886755292959,]],
[[0.0840415486308,0.132231404959,0.355716878403,0.158220720721,0.0912330719886,0.664538610566,0.237813884786,],[0.788479697828,0.807851239669,0.781306715064,0.701013513514,0.851746258019,0.278627988922,0.704086656819,],[0.337110481586,0.411157024793,0.456442831216,0.427364864865,0.355666429081,0.299951891196,0.323485967504,]],
[[0.549575070822,0.586776859504,0.712341197822,0.461148648649,0.637918745545,0.448829135732,0.541112752339,],[0.33238904627,0.382231404959,0.58166969147,0.349662162162,0.383464005702,0.250022754164,0.344657804037,],[0.0604343720491,0.0971074380165,0.390199637024,0.135698198198,0.11760513186,0.462871705522,0.238306253077,]],
[[0.179414542021,0.21694214876,0.523593466425,0.207207207207,0.240199572345,0.47535398978,0.237813884786,],[0.616619452314,0.648760330579,0.735934664247,0.535472972973,0.667141838917,0.272126799204,0.604135893648,],[0.417374881964,0.485537190083,0.522686025408,0.501126126126,0.43834640057,0.133391410628,0.237321516494,]],
[[0.157695939566,0.245867768595,0.228675136116,0.286599099099,0.144689950107,0.518911960889,0.414081733136,],[0.365439093484,0.400826446281,0.668784029038,0.275337837838,0.532430506058,0.26484546672,0.258493353028,],[0.783758262512,0.789256198347,0.841197822142,0.747747747748,0.811831789024,0.373675382595,0.712456917774,]],
[[0.767705382436,0.811983471074,0.661524500907,0.743243243243,0.751247327156,0.185010856987,0.776957163959,],[0.357884796978,0.371900826446,0.789473684211,0.274211711712,0.486101211689,0.22063737664,0.215164943378,],[0.157695939566,0.245867768595,0.228675136116,0.286599099099,0.144689950107,0.518911960889,0.414081733136,]],
[[0.783758262512,0.789256198347,0.841197822142,0.747747747748,0.811831789024,0.373675382595,0.712456917774,],[0.201133144476,0.239669421488,0.549001814882,0.184121621622,0.298645759088,0.433876399381,0.194485475135,],[0.377714825307,0.386363636364,0.827586206897,0.254504504505,0.501069137562,0.444668374312,0.129000492368,]],
[[0.440982058546,0.504132231405,0.558076225045,0.458896396396,0.436208125445,0.491216892691,0.391432791728,],[0.0840415486308,0.132231404959,0.355716878403,0.158220720721,0.0912330719886,0.664538610566,0.237813884786,],[0.783758262512,0.789256198347,0.841197822142,0.747747747748,0.811831789024,0.373675382595,0.712456917774,]],
[[0.452313503305,0.487603305785,0.704174228675,0.429617117117,0.562366357805,0.160436359854,0.346134908912,],[0.157695939566,0.245867768595,0.228675136116,0.286599099099,0.144689950107,0.518911960889,0.414081733136,],[0.779981114259,0.776859504132,0.884754990926,0.705518018018,0.838203848895,0.270176442289,0.827671097981,]],
[[0.771482530689,0.78305785124,0.81941923775,0.716779279279,0.831076265146,0.306193033325,0.755292959133,],[0.306893295562,0.316115702479,0.793103448276,0.239301801802,0.533856022808,0.194242546386,0.140817331364,],[0.151085930123,0.196280991736,0.451905626134,0.192004504505,0.1988595866,0.532044364119,0.314623338257,]],



seeds
[[13.78,14.06,0.8759,5.479,3.156,3.136,4.872,],[19.18,16.63,0.8717,6.369,3.681,3.357,6.229,],[10.79,12.93,0.8107,5.317,2.648,5.462,5.194,]],
[[18.89,16.23,0.9008,6.227,3.769,3.639,5.966,],[10.8,12.57,0.859,4.981,2.821,4.773,5.063,],[12.88,13.5,0.8879,5.139,3.119,2.352,4.607,]],
[[15.49,14.94,0.8724,5.757,3.371,3.412,5.228,],[18.3,15.89,0.9108,5.979,3.755,2.837,5.962,],[10.8,12.57,0.859,4.981,2.821,4.773,5.063,]],
[[13.84,13.94,0.8955,5.324,3.379,2.259,4.805,],[11.81,13.45,0.8198,5.413,2.716,4.898,5.352,],[19.11,16.26,0.9081,6.154,3.93,2.936,6.079,]],
[[13.45,14.02,0.8604,5.516,3.065,3.531,5.097,],[18.72,16.34,0.881,6.219,3.684,2.188,6.097,],[10.82,12.83,0.8256,5.18,2.63,4.853,5.089,]],
[[17.63,15.98,0.8673,6.191,3.561,4.076,6.06,],[15.11,14.54,0.8986,5.579,3.462,3.128,5.18,],[11.36,13.05,0.8382,5.175,2.755,4.048,5.263,]],
[[15.49,14.94,0.8724,5.757,3.371,3.412,5.228,],[19.13,16.31,0.9035,6.183,3.902,2.109,5.924,],[12.26,13.6,0.8333,5.408,2.833,4.756,5.36,]],
[[12.02,13.33,0.8503,5.35,2.81,4.271,5.308,],[14.7,14.21,0.9153,5.205,3.466,1.767,4.649,],[18.96,16.2,0.9077,6.051,3.897,4.334,5.75,]],
[[14.33,14.28,0.8831,5.504,3.199,3.328,5.224,],[11.49,13.22,0.8263,5.304,2.695,5.388,5.31,],[18.43,15.97,0.9077,5.98,3.771,2.984,5.905,]],
[[18.36,16.52,0.8452,6.666,3.485,4.933,6.448,],[12.38,13.44,0.8609,5.219,2.989,5.472,5.045,],[14.52,14.6,0.8557,5.741,3.113,1.481,5.487,]],
[[14.59,14.28,0.8993,5.351,3.333,4.185,4.781,],[11.35,13.12,0.8291,5.176,2.668,4.337,5.132,],[18.3,15.89,0.9108,5.979,3.755,2.837,5.962,]],
[[14.99,14.56,0.8883,5.57,3.377,2.958,5.175,],[18.76,16.2,0.8984,6.172,3.796,3.12,6.053,],[11.56,13.31,0.8198,5.363,2.683,4.062,5.182,]],
[[12.15,13.45,0.8443,5.417,2.837,3.638,5.338,],[17.32,15.91,0.8599,6.064,3.403,3.824,5.922,],[14.11,14.26,0.8722,5.52,3.168,2.688,5.219,]],
[[10.91,12.8,0.8372,5.088,2.675,4.179,4.956,],[19.15,16.45,0.889,6.245,3.815,3.084,6.185,],[15.38,14.77,0.8857,5.662,3.419,1.999,5.222,]],
[[18.85,16.17,0.9056,6.152,3.806,2.843,6.2,],[12.13,13.73,0.8081,5.394,2.745,4.825,5.22,],[14.52,14.6,0.8557,5.741,3.113,1.481,5.487,]],
[[11.65,13.07,0.8575,5.108,2.85,5.209,5.135,],[13.02,13.76,0.8641,5.395,3.026,3.373,4.825,],[17.08,15.38,0.9079,5.832,3.683,2.956,5.484,]],
[[12.55,13.57,0.8558,5.333,2.968,4.419,5.176,],[20.16,17.03,0.8735,6.513,3.773,1.91,6.185,],[15.03,14.77,0.8658,5.702,3.212,1.933,5.439,]],
[[10.8,12.57,0.859,4.981,2.821,4.773,5.063,],[14.79,14.52,0.8819,5.545,3.291,2.704,5.111,],[19.94,16.92,0.8752,6.675,3.763,3.252,6.55,]],
[[18.43,15.97,0.9077,5.98,3.771,2.984,5.905,],[12.7,13.71,0.8491,5.386,2.911,3.26,5.316,],[16.82,15.51,0.8786,6.017,3.486,4.004,5.841,]],
[[14.01,14.29,0.8625,5.609,3.158,2.217,5.132,],[18.95,16.42,0.8829,6.248,3.755,3.368,6.148,],[10.83,12.96,0.8099,5.278,2.641,5.182,5.185,]],
[[12.15,13.45,0.8443,5.417,2.837,3.638,5.338,],[18.81,16.29,0.8906,6.272,3.693,3.237,6.053,],[12.46,13.41,0.8706,5.236,3.017,4.987,5.147,]],
[[11.87,13.02,0.8795,5.132,2.953,3.597,5.132,],[17.32,15.91,0.8599,6.064,3.403,3.824,5.922,],[14.29,14.09,0.905,5.291,3.337,2.699,4.825,]],
[[17.32,15.91,0.8599,6.064,3.403,3.824,5.922,],[11.26,13.01,0.8355,5.186,2.71,5.335,5.092,],[14.29,14.09,0.905,5.291,3.337,2.699,4.825,]],
[[18.89,16.23,0.9008,6.227,3.769,3.639,5.966,],[12.7,13.71,0.8491,5.386,2.911,3.26,5.316,],[15.05,14.68,0.8779,5.712,3.328,2.129,5.36,]],
[[18.89,16.23,0.9008,6.227,3.769,3.639,5.966,],[17.08,15.38,0.9079,5.832,3.683,2.956,5.484,],[12.44,13.59,0.8462,5.319,2.897,4.924,5.27,]],
[[13.5,13.85,0.8852,5.351,3.158,2.249,5.176,],[11.87,13.02,0.8795,5.132,2.953,3.597,5.132,],[18.65,16.41,0.8698,6.285,3.594,4.391,6.102,]],
[[12.44,13.59,0.8462,5.319,2.897,4.924,5.27,],[14.86,14.67,0.8676,5.678,3.258,2.129,5.351,],[18.27,16.09,0.887,6.173,3.651,2.443,6.197,]],
[[17.63,15.86,0.88,6.033,3.573,3.747,5.929,],[14.11,14.18,0.882,5.541,3.221,2.754,5.038,],[11.56,13.31,0.8198,5.363,2.683,4.062,5.182,]],
[[13.5,13.85,0.8852,5.351,3.158,2.249,5.176,],[19.46,16.5,0.8985,6.113,3.892,4.308,6.009,],[12.3,13.34,0.8684,5.243,2.974,5.637,5.063,]],
[[12.11,13.27,0.8639,5.236,2.975,4.132,5.012,],[20.71,17.23,0.8763,6.579,3.814,4.451,6.451,],[14.79,14.52,0.8819,5.545,3.291,2.704,5.111,]],


HTRU_2
[[120.640625,56.05643562,0.048282013,-0.577985533,6.816053512,29.41877787,5.133233118,27.39578076,],[106.625,42.39748666,0.280169597,0.206694043,5.544314381,29.62971949,5.63180563,32.09661617,]],
[[95.8125,39.2517416,0.894679694,1.564413195,2.469899666,19.43955378,8.875037583,84.46929592,],[105.6015625,50.15481343,0.380509034,0.051593251,3.433110368,22.07136587,8.735448902,82.598087,]],
