pi:[0.05,0.05,0.45,0.45]
N:s1(异常，活跃),s2（异常，不活跃）,s3（正常，活跃）,s4（正常，不活跃）
M:0,1,2,3
0: 风险访问，活跃
1: 正常访问，不活跃
2: 风险访问，不活跃
3: 正常访问，活跃

#给出40个例子，30个正常（20个正常活跃，10个正常不活跃），10个异常（6个异常活跃，4个异常不活跃）
#[s1:0.15, s4:0.25, s2:0.1, s3:0.5]
T=15
[[3],[3],[3],[1],[3],[1],[3],[3],[3],[1],[2],[3],[3],[1],[3]]
[[1],[3],[3],[3],[1],[1],[3],[1],[2],[3],[1],[1],[3],[2],[3]]
[[3],[3],[3],[1],[1],[2],[3],[1],[1],[1],[3],[3],[2],[3],[3]]
[[2],[3],[3],[3],[1],[1],[3],[3],[3],[1],[3],[1],[3],[3],[3]]
[[3],[3],[3],[1],[1],[3],[1],[3],[1],[1],[1],[3],[3],[3],[2]]
[[3],[3],[1],[1],[1],[3],[3],[3],[3],[2],[3],[3],[2],[3],[3]]
[[1],[3],[1],[3],[3],[3],[3],[1],[2],[2],[3],[3],[1],[3],[3]]
[[1],[3],[3],[3],[3],[1],[3],[3],[1],[1],[3],[3],[3],[2],[3]]
[[3],[1],[1],[1],[3],[3],[3],[3],[2],[3],[2],[3],[3],[3],[1]]
[[3],[3],[1],[1],[3],[3],[3],[1],[3],[1],[3],[1],[3],[3],[2]]
[[3],[1],[3],[1],[3],[3],[1],[3],[3],[1],[3],[3],[1],[2],[3]]
[[1],[3],[1],[3],[3],[3],[2],[2],[3],[3],[3],[1],[1],[3],[3]]
[[3],[1],[3],[3],[3],[1],[3],[3],[1],[3],[3],[1],[2],[3],[3]]
[[1],[3],[3],[3],[1],[3],[1],[3],[2],[3],[2],[3],[3],[3],[1]]
[[3],[3],[3],[3],[3],[3],[3],[1],[3],[1],[3],[2],[1],[3],[3]]
[[3],[1],[1],[1],[3],[3],[3],[3],[3],[2],[3],[2],[3],[1],[3]]
[[3],[3],[3],[1],[3],[1],[3],[1],[3],[3],[3],[3],[3],[3],[2]]
[[3],[3],[3],[1],[3],[3],[1],[3],[1],[0],[3],[3],[1],[2],[3]]
[[3],[3],[3],[0],[3],[1],[1],[3],[3],[2],[3],[3],[2],[3],[3]]
[[3],[3],[0],[2],[3],[3],[2],[3],[3],[1],[1],[3],[3],[3],[1]]
-[-]-[-]-[-]-[-]-[-]-[-]-[-]-[-]-[-]-[-]-[-]-[-]-[-]-[-]-[-]-
[[1],[1],[1],[1],[2],[3],[3],[1],[1],[3],[1],[3],[1],[1],[1]]
[[1],[3],[1],[3],[1],[1],[1],[3],[1],[1],[2],[1],[1],[3],[1]]
[[1],[1],[1],[3],[1],[3],[1],[3],[1],[1],[1],[2],[1],[1],[1]]
[[1],[1],[3],[2],[1],[1],[2],[1],[1],[3],[1],[1],[1],[2],[1]]
[[3],[1],[1],[1],[1],[2],[1],[1],[2],[1],[3],[3],[1],[1],[1]]
[[1],[1],[1],[3],[3],[1],[1],[3],[1],[2],[2],[1],[1],[3],[1]]
[[1],[1],[3],[2],[1],[1],[1],[1],[2],[2],[3],[3],[3],[3],[1]]
[[1],[3],[1],[1],[3],[1],[1],[1],[2],[1],[1],[1],[3],[3],[1]]
[[1],[1],[1],[3],[3],[1],[1],[1],[3],[1],[3],[1],[1],[3],[1]]
[[1],[1],[3],[3],[1],[1],[3],[3],[1],[1],[1],[2],[1],[1],[3]]
-[-]-[-]-[-]-[-]-[-]-[-]-[-]-[-]-[-]-[-]-[-]-[-]-[-]-[-]-[-]-
[[0],[0],[0],[1],[1],[0],[0],[1],[1],[0],[1],[2],[0],[1],[0]]
[[0],[1],[0],[1],[0],[0],[2],[2],[2],[0],[0],[0],[2],[1],[0]]
[[0],[0],[0],[2],[0],[2],[0],[0],[1],[0],[2],[0],[2],[0],[0]]
[[0],[2],[0],[2],[0],[0],[0],[1],[0],[0],[1],[3],[0],[0],[0]]
[[0],[2],[2],[0],[0],[0],[1],[0],[0],[0],[1],[0],[0],[1],[0]]
[[0],[0],[1],[0],[1],[0],[2],[0],[0],[2],[0],[0],[2],[0],[0]]
-[-]-[-]-[-]-[-]-[-]-[-]-[-]-[-]-[-]-[-]-[-]-[-]-[-]-[-]-[-]-
[[2],[2],[2],[0],[2],[2],[1],[2],[2],[1],[1],[2],[2],[2],[0]]
[[2],[2],[0],[0],[2],[2],[1],[1],[2],[2],[1],[2],[1],[2],[2]]
[[2],[2],[0],[0],[2],[2],[2],[1],[2],[2],[1],[2],[2],[1],[1]]
[[2],[1],[0],[1],[2],[2],[2],[0],[2],[1],[2],[1],[2],[0],[1]]



T=20
[0,0,1,1,1,3,3,3,3,1,1,3,3,0,0,1,1,2,2,3]
[3,3,3,3,0,1,1,1,1,2,2,0,0,3,3,3,1,1,0,0]

[1,1,1,1,3,2,2,0,0,2,1,1,1,2,2,2,0,2,2,0]
[1,1,1,2,2,1,1,1,0,3,3,3,1,1,1,2,2,3,3,3]

[3,3,3,3,3,1,3,1,3,3,0,0,3,3,3,1,1,2,2,1]
[3,3,3,1,1,1,1,1,3,3,2,2,0,0,3,3,1,1,1,3]

[1,1,1,1,3,3,2,1,1,1,2,3,3,0,3,1,2,1,1,2]
[1,1,1,3,3,1,1,2,2,0,1,1,0,2,2,3,3,3,3,1]

//这是上面的数据输出的一次结果
[[0.20552862 0.14043902 0.34331828 0.31071408]
 [0.17942047 0.05644943 0.67232055 0.09180956]
 [0.32971145 0.34677507 0.10887219 0.21464129]
 [0.31486195 0.14578459 0.22394397 0.31540948]]
[[0.26767989 0.22750701 0.25974235 0.24507075]
 [0.26767989 0.22750701 0.25974235 0.24507075]
 [0.26767989 0.22750701 0.25974235 0.24507075]
 [0.26767989 0.22750701 0.25974235 0.24507075]]
[0.05 0.05 0.45 0.45]

//下面给出一些测试数据
//异常活跃
[0,0,0,3,3,0,1,1,2,0,2,0,2,3,3,0,0,1,0,3]


--------------------------------------------------------------------
# 训练模型
    datas = [
            [0,0,1,1,1,3,3,3,3,1,1,3,3,0,0,1,1,2,2,3],
            [3,3,3,3,0,1,1,1,1,2,2,0,0,3,3,3,1,1,0,0],

            [1,1,1,1,3,2,2,0,0,2,1,1,1,2,2,2,0,2,2,0],
            [1,1,1,2,2,1,1,1,0,3,3,3,1,1,1,2,2,3,3,3],

            [3,3,3,3,3,1,3,1,3,3,0,0,3,3,3,1,1,2,2,1],
            [3,3,3,1,1,1,1,1,3,3,2,2,0,0,3,3,1,1,1,3],

            [1,1,1,1,3,3,2,1,1,1,2,3,3,0,3,1,2,1,1,2],
            [1,1,1,3,3,1,1,2,2,0,1,1,0,2,2,3,3,3,3,1],
            ]
    data = [0,0,1,1,1,3,3,3,3,1,1,3,3,0,0,1,1,2,2,3]
    # print np.array(datas)
    hmm = DiscreteHMM(4,4,100)
    Data1 = np.array([[0],[0],[1],[1],[1],[3],[3],[3],[3],[1],[1],[3],[3],[0],[0],[1],[1],[2],[2],[3]])
    Data2 = np.array([[3],[3],[3],[3],[0],[1],[1],[1],[1],[2],[2],[0],[0],[3],[3],[3],[1],[1],[0],[0]])
    Data3 = np.array([[1],[1],[1],[1],[3],[2],[2],[0],[0],[2],[1],[1],[1],[2],[2],[2],[0],[2],[2],[0]])
    Data4 = np.array([[1],[1],[1],[2],[2],[1],[1],[1],[0],[3],[3],[3],[1],[1],[1],[2],[2],[3],[3],[3]])
    Data5 = np.array([[3],[3],[3],[3],[3],[1],[3],[1],[3],[3],[0],[0],[3],[3],[3],[1],[1],[2],[2],[1]])
    Data6 = np.array([[3],[3],[3],[1],[1],[1],[1],[1],[3],[3],[2],[2],[0],[0],[3],[3],[1],[1],[1],[3]])
    Data7 = np.array([[1],[1],[1],[1],[3],[3],[2],[1],[1],[1],[2],[3],[3],[0],[3],[1],[2],[1],[1],[2]])
    Data8 = np.array([[1],[1],[1],[3],[3],[1],[1],[2],[2],[0],[1],[1],[0],[2],[2],[3],[3],[3],[3],[1]])
    Datas = [Data1,Data2,Data3,Data4,Data5,Data6,Data7,Data8]
    print Datas
    hmm.train_batch(Datas)


//换个思路,不需要弄多个用户,时间T的长度为10


		[[2], [0], [0], [1], [5], [4], [4], [1], [2], [1], [3], [0], [0], [0], [0]]
        [[2], [0], [0], [0], [1], [2], [2], [2], [1], [0], [0], [0], [1], [0], [1]]
        [[0], [1], [0], [2], [1], [1], [0], [3], [0], [2], [1], [1], [1], [5], [0]]
        [[1], [1], [0], [2], [2], [1], [0], [1], [1], [2], [2], [0], [2], [2], [5]]
        [[5], [0], [1], [0], [1], [1], [2], [2], [2], [1], [1], [2], [1], [2], [0]]
        [[2], [2], [2], [2], [2], [3], [2], [2], [2], [0], [0], [0], [0], [1], [0]]
        [[0], [0], [0], [2], [4], [0], [2], [2], [0], [2], [2], [5], [1], [1], [1]]
        [[2], [1], [3], [2], [2], [0], [2], [5], [2], [2], [0], [1], [2], [0], [2]]
        [[1], [1], [0], [1], [0], [2], [0], [2], [2], [1], [3], [0], [2], [0], [2]]
        [[0], [5], [0], [0], [1], [2], [2], [2], [0], [2], [0], [0], [0], [0], [0]]
        [[1], [1], [0], [2], [0], [3], [0], [0], [0], [2], [0], [0], [2], [0], [4]]
        [[1], [3], [0], [5], [2], [1], [0], [2], [2], [0], [2], [2], [1], [5], [2]]
        [[0], [3], [2], [1], [2], [1], [0], [2], [2], [2], [3], [3], [1], [0], [1]]
        [[5], [0], [4], [0], [2], [0], [0], [2], [1], [3], [1], [1], [1], [2], [1]]
        [[1], [2], [1], [1], [2], [5], [1], [0], [2], [2], [2], [0], [2], [2], [1]]
        [[0], [1], [0], [1], [2], [2], [0], [1], [2], [1], [0], [0], [0], [2], [5]]
        [[0], [2], [4], [0], [1], [2], [0], [2], [1], [0], [0], [1], [1], [1], [0]]
        [[1], [1], [1], [0], [2], [2], [1], [0], [1], [0], [0], [1], [0], [4], [1]]
        [[2], [0], [1], [1], [0], [1], [1], [0], [0], [1], [0], [1], [3], [1], [2]]
        [[1], [2], [0], [0], [0], [2], [1], [2], [0], [2], [2], [2], [0], [2], [0]]
        [[2], [1], [2], [0], [1], [1], [2], [0], [0], [0], [2], [5], [2], [2], [1]]
        [[2], [0], [2], [2], [1], [1], [1], [0], [2], [0], [3], [1], [2], [3], [2]]
        [[2], [0], [5], [1], [2], [2], [2], [2], [1], [2], [2], [1], [0], [0], [2]]
        [[5], [2], [2], [5], [5], [2], [5], [4], [5], [2], [2], [2], [1], [5], [2]]
        [[0], [2], [1], [0], [0], [0], [2], [2], [1], [3], [2], [1], [0], [5], [0]]
        [[2], [2], [2], [1], [1], [0], [2], [0], [2], [2], [0], [0], [1], [1], [1]]
        [[0], [0], [0], [0], [1], [0], [0], [0], [2], [0], [0], [4], [0], [0], [5]]
        [[2], [4], [0], [1], [0], [0], [5], [0], [1], [0], [1], [0], [2], [2], [0]]
        [[1], [1], [1], [0], [1], [2], [1], [1], [5], [0], [2], [1], [3], [0], [0]]
        [[1], [1], [1], [1], [2], [2], [4], [2], [0], [0], [2], [1], [1], [3], [0]]
        [[5], [5], [5], [4], [5], [1], [5], [4], [5], [4], [2], [5], [2], [1], [4]]
        [[0], [0], [2], [1], [1], [1], [0], [0], [1], [0], [2], [0], [0], [5], [1]]
        [[1], [1], [1], [1], [1], [2], [0], [0], [0], [2], [0], [0], [1], [2], [1]]
        [[0], [0], [2], [2], [3], [1], [2], [1], [2], [1], [1], [0], [2], [0], [0]]
        [[1], [2], [1], [1], [1], [1], [2], [0], [0], [0], [0], [1], [1], [0], [2]]
        [[0], [1], [1], [5], [2], [1], [0], [0], [1], [1], [0], [2], [0], [2], [0]]
        [[3], [0], [2], [2], [0], [2], [2], [1], [5], [1], [1], [2], [2], [0], [1]]
        [[4], [5], [4], [1], [2], [4], [1], [5], [1], [2], [2], [5], [5], [1], [1]]
        [[2], [1], [2], [0], [0], [0], [0], [0], [2], [0], [0], [2], [5], [1], [2]]
        [[1], [3], [5], [1], [3], [1], [0], [2], [1], [0], [2], [2], [3], [3], [1]]
        [[0], [1], [1], [3], [2], [0], [2], [0], [1], [1], [1], [1], [0], [3], [1]]
        [[1], [0], [1], [0], [2], [2], [1], [5], [1], [5], [0], [1], [2], [2], [1]]
        [[2], [3], [2], [2], [0], [0], [0], [1], [1], [0], [0], [0], [1], [5], [0]]
        [[2], [5], [4], [5], [2], [2], [1], [5], [5], [4], [1], [5], [1], [5], [5]]






