yutao@wis-eye.com    0.578947368421    0.571428571429    0.25    0.5    0.72    0.857142857143    0.1    0.1    normal
oulibing@@wis-eye.com    0.842105263158    0.285714285714    0.25    0.0    0.84    0.428571428571    0.2    0.1    normal
qiulei@wis-eye.com    0.947368421053    0.428571428571    0.25    0.25    0.76    0.857142857143    0.4    0.4    normal
shiguoqiang@wis-eye.com    0.105263157895    0.428571428571    0.0    0.5    0.12    0.714285714286    0.3    0.3    normal
luxin@wis-eye.com    0.631578947368    0.428571428571    0.25    0.25    0.48    0.571428571429    0.0    0.0    normal
hujixiang@wis-eye.com    0.631578947368    0.428571428571    0.0    0.0    0.56    0.714285714286    0.0    0.0    normal
linjinxiu@wis-eye.com    0.736842105263    0.142857142857    0.25    0.5    0.8    0.285714285714    0.3    0.3    normal
chenhong@wis-eye.com    0.894736842105    0.142857142857    0.25    0.0    0.76    0.571428571429    0.2    0.2    normal
cuirunze@wis-eye.com    0.631578947368    0.285714285714    0.25    0.5    0.52    0.428571428571    0.3    0.1    normal
caihaiming@wis-eye.com    0.947368421053    0.0    0.25    0.0    0.92    0.142857142857    0.3    0.2    normal
zhangyaming@@wis-eye.com    1.0    0.0    0.25    0.5    0.88    0.285714285714    0.2    0.1    normal
liuchaoyang@wis-eye.com    0.736842105263    0.428571428571    0.25    0.0    0.52    0.857142857143    0.3    0.2    normal
jinzhen@wis-eye.com    1.0    0.285714285714    0.0    0.0    0.84    0.714285714286    0.4    0.4    normal
wangyang@wis-eye.com    0.684210526316    0.142857142857    0.0    0.5    0.56    0.428571428571    0.1    0.1    normal
lijunsong@@wis-eye.com    0.368421052632    0.285714285714    0.25    0.25    0.52    0.571428571429    0.2    0.1    normal
mengchen@wis-eye.com    0.0    0.571428571429    0.0    0.25    0.12    1.0    0.3    0.1    normal
lipengcheng@wis-eye.com    0.263157894737    0.285714285714    0.25    0.25    0.2    0.428571428571    0.0    0.0    normal
wanghan@wis-eye.com    0.947368421053    0.142857142857    0.0    0.5    0.72    0.285714285714    0.4    0.3    normal
liyanzhe@wis-eye.com    0.894736842105    0.571428571429    0.0    0.25    0.72    0.857142857143    0.0    0.0    normal
zhushichao@wis-eye.com    0.947368421053    0.142857142857    0.25    0.0    1.0    0.571428571429    0.1    0.1    normal
yuxiaotong@wis-eye.com    0.473684210526    0.0    0.25    0.5    0.32    0.428571428571    0.0    0.0    normal
xiaoyutao@wis-eye.com    0.736842105263    0.285714285714    0.25    0.5    0.76    0.428571428571    0.3    0.3    normal
yulin@wis-eye.com    0.684210526316    0.571428571429    0.25    0.25    0.6    0.714285714286    0.3    0.1    normal
lixuetao@wis-eye.com    0.631578947368    0.571428571429    0.0    0.0    0.48    0.857142857143    0.5    0.4    normal
zhangruiqi@wis-eye.com    0.210526315789    0.428571428571    0.25    0.25    0.24    0.571428571429    0.0    0.0    normal
zhanghanwen@wis-eye.com    0.631578947368    0.285714285714    0.0    0.5    0.48    0.571428571429    0.3    0.1    normal
gusonglin@wis-eye.com    1.0    0.142857142857    0.25    0.0    0.96    0.285714285714    0.4    0.1    normal
jiyunfeng@wis-eye.com    0.526315789474    0.142857142857    0.25    0.5    0.6    0.571428571429    0.2    0.1    normal
sunweizhen@wis-eye.com    0.684210526316    0.571428571429    0.0    0.25    0.76    0.857142857143    0.0    0.0    normal
yuchao@wis-eye.com    0.0526315789474    0.142857142857    0.25    0.25    0.2    0.428571428571    0.0    0.0    normal
zhanghao@wis-eye.com    0.526315789474    0.285714285714    0.25    0.5    0.6    0.714285714286    0.4    0.4    normal
jikongming@wis-eye.com    1.0    0.428571428571    0.25    0.0    0.92    0.571428571429    0.1    0.1    normal
wangliming@wis-eye.com    0.315789473684    0.285714285714    0.0    0.0    0.44    0.714285714286    0.5    0.3    normal
lihuaxin@wis-eye.com    0.631578947368    0.285714285714    0.0    0.0    0.56    0.428571428571    0.1    0.1    normal
zhangqiming@wis-eye.com    0.0526315789474    0.571428571429    0.0    0.5    0.16    0.857142857143    0.4    0.2    normal
lintianxiang@wis-eye.com    0.263157894737    0.571428571429    0.25    0.0    0.4    0.714285714286    0.5    0.4    normal
zhangyaqun@wis-eye.com    0.526315789474    0.285714285714    0.0    0.25    0.6    0.571428571429    0.5    0.2    normal
1422596293@qq.com    0.105263157895    0.285714285714    0.0    0.5    0.08    0.714285714286    0.4    0.1    normal
zhangpeng@wis-eye.com    0.789473684211    0.142857142857    0.0    0.0    0.8    0.285714285714    0.1    0.1    normal
wanghongyun@wis-eye.com    0.842105263158    0.571428571429    0.0    0.0    0.64    1.0    0.2    0.1    normal
dongdong@wis-eye.com    0.105263157895    0.0    0.0    0.0    0.24    0.285714285714    0.2    0.2    normal
yanghaotian@wis-eye.com    0.0526315789474    0.142857142857    0.25    0.0    0.0    0.571428571429    0.0    0.0    normal
huyi@wis-eye.com    0.473684210526    0.0    0.0    0.25    0.56    0.285714285714    0.2    0.1    normal
liujiahow@wis-eye.com    0.526315789474    0.142857142857    0.0    0.25    0.56    0.571428571429    0.4    0.1    normal
hechaohui@wis-eye.com    0.473684210526    0.571428571429    0.0    0.25    0.6    0.714285714286    0.5    0.1    normal
pengyanhao@@wis-eye.com    0.736842105263    0.285714285714    0.25    0.25    0.72    0.714285714286    0.0    0.0    normal
changjiaxin@wis-eye.com    0.0526315789474    0.571428571429    0.25    0.5    0.0    0.857142857143    0.3    0.2    normal
yangshuo@wis-eye.com    0.736842105263    0.0    0.25    0.5    0.64    0.142857142857    0.2    0.1    normal
kongqingming@wis-eye.com    0.263157894737    0.428571428571    0.25    0.0    0.24    0.571428571429    0.0    0.0    normal
zhaiwenjie@wis-eye.com    0.105263157895    0.142857142857    0.25    0.5    0.2    0.285714285714    0.3    0.1    normal
sunyue@wis-eye.com    0.684210526316    0.571428571429    0.0    0.0    0.56    1.0    0.1    0.1    normal
leipengquan@wis-eye.com    0.315789473684    0.142857142857    0.0    0.0    0.32    0.285714285714    0.2    0.1    normal
heyancheng@wis-eye.com    0.631578947368    0.571428571429    0.0    0.0    0.6    0.857142857143    0.5    0.1    normal
fuyao@wis-eye.com    0.473684210526    0.142857142857    0.0    0.0    0.56    0.285714285714    0.2    0.1    normal
zhangyouqiang@wis-eye.com    0.789473684211    0.0    0.25    0.5    0.88    0.285714285714    0.2    0.2    normal
tianran@wis-eye.com    0.315789473684    0.142857142857    0.0    0.25    0.52    0.571428571429    0.2    0.1    normal
liuxinyu@wis-eye.com    0.421052631579    0.285714285714    0.25    0.0    0.4    0.428571428571    0.4    0.1    normal
renlong@wis-eye.com    0.894736842105    0.428571428571    0.25    0.25    0.8    0.571428571429    0.2    0.1    normal
wanggang@wis-eye.com    0.368421052632    0.0    0.0    0.25    0.24    0.428571428571    0.0    0.0    normal
gongjun@@wis-eye.com    0.736842105263    0.0    0.25    0.5    0.84    0.428571428571    0.4    0.3    normal
luzhneyang@wis-eye.com    0.157894736842    0.571428571429    0.0    0.0    0.2    0.857142857143    0.4    0.2    normal
wangxuwu@wis-eye.com    0.210526315789    0.571428571429    0.0    0.5    0.28    1.0    0.0    0.0    normal
liushenrong@wis-eye.com    0.157894736842    0.0    0.0    0.0    0.08    0.285714285714    0.3    0.2    normal
yuhao@wis-eye.com    0.631578947368    0.714285714286    0.25    0.75    0.4    0.0    0.4    0.4    abnormal
wangrui@wis-eye.com    1.0    0.714285714286    1.0    0.5    0.76    0.142857142857    0.7    0.3    abnormal
fanyongxian@wis-eye.com    0.842105263158    1.0    0.75    0.25    0.64    0.428571428571    0.5    0.2    abnormal
caoming@qq.com    0.157894736842    0.571428571429    0.25    0.0    0.16    0.0    0.0    0.0    abnormal
kaixiang@wis-eye.com    0.631578947368    0.714285714286    1.0    0.75    0.52    0.285714285714    0.0    0.0    abnormal
biancheng@wis-eye.com    0.263157894737    0.428571428571    0.5    0.5    0.12    0.142857142857    0.7    0.7    abnormal
zhangyue@wis-eye.com    0.684210526316    1.0    0.75    0.5    0.56    0.428571428571    1.0    1.0    abnormal
duyangdi@wis-eye.com    0.157894736842    0.857142857143    0.5    0.75    0.12    0.428571428571    0.5    0.4    abnormal
yaozhen@wis-eye.com    0.263157894737    1.0    0.5    0.5    0.08    0.142857142857    0.7    0.1    abnormal
wangchenguang@wis-eye.com    0.0    0.428571428571    0.25    1.0    0.0    0.142857142857    0.6    0.5    abnormal
wenxingnan@wis-eye.com    0.736842105263    0.714285714286    0.75    1.0    0.52    0.285714285714    0.9    0.6    abnormal
menglingxue@wis-eye.com    0.421052631579    0.857142857143    1.0    0.0    0.32    0.142857142857    0.0    0.0    abnormal
wangwei@wis-eye.com    0.526315789474    0.571428571429    1.0    0.0    0.32    0.285714285714    0.8    0.7    abnormal
liwang@wis-eye.com    1.0    0.428571428571    1.0    1.0    0.68    0.428571428571    1.0    0.3    abnormal
lichenye@wis-eye.com    0.210526315789    0.571428571429    0.5    0.75    0.2    0.428571428571    0.5    0.2    abnormal
liujian@@wis-eye.com    0.684210526316    0.714285714286    1.0    1.0    0.6    0.428571428571    0.2    0.2    abnormal
wangliming@wis-eye.com    0.263157894737    0.857142857143    1.0    0.25    0.08    0.428571428571    0.0    0.0    abnormal
