biancheng@wis-eye.com    0.6125    0.37848463188    0.354166666667    0.7265625    0.32    0.278131169116    0.139664804469
wangrui@wis-eye.com    0.5625    0.456040028592    0.375    0.765625    0.28    0.308181618776    0.150837988827
fanyongxian@wis-eye.com    0.6825    0.42065761258    0.375    0.7421875    0.24    0.298749725817    0.150837988827
caoming@qq.com    0.6125    0.417083631165    0.354166666667    0.734375    0.32    0.289317832858    0.162011173184
kaixiang@wis-eye.com    0.555    0.38313080772    0.3125    0.7265625    0.64    0.27045404694    0.145251396648
zhangyue@wis-eye.com    0.5975    0.312723373838    0.375    0.703125    0.6    0.236674709366    0.134078212291
wangliming@wis-eye.com    0.2125    0.558970693352    0.270833333333    0.265625    0.68    0.468743145427    0.36312849162
duyangdi@wis-eye.com    0.24    0.543245175125    0.208333333333    0.234375    0.72    0.45909190612    0.346368715084
yaozhen@wis-eye.com    0.1975    0.649392423159    0.208333333333    0.3046875    0.64    0.548585216056    0.458100558659
wangchenguang@wis-eye.com    0.6    0.415296640457    0.354166666667    0.7265625    0.28    0.286685676683    0.106145251397
wenxingnan@wis-eye.com    0.55    0.416368834882    0.375    0.7421875    0.28    0.296994955034    0.145251396648
menglingxue@wis-eye.com    0.545    0.406004288778    0.291666666667    0.7265625    0.32    0.278131169116    0.156424581006
wangwei@wis-eye.com    0.5675    0.4345961401    0.3125    0.75    0.68    0.302697960079    0.145251396648
liwang@wis-eye.com    0.45    0.444960686204    0.375    0.765625    0.76    0.303136652775    0.178770949721
lichenye@wis-eye.com    0.315    0.555754110079    0.25    0.2734375    0.72    0.479929809169    0.189944134078
liujian@@wis-eye.com    0.205    0.585418155826    0.208333333333    0.2578125    0.76    0.513051107699    0.195530726257
yuhao@wis-eye.com    0.625    0.392780557541    0.291666666667    0.734375    0.28    0.28186005703    0.156424581006
