lihuaxin@wis-eye.com    0.165517241379    0.445    0.12    0.293436293436    0.425    0.484670580561    0.1425
yutao@wis-eye.com    0.268965517241    0.243611111111    0.24    0.11583011583    0.275    0.232224396608    0.24
oulibing@@wis-eye.com    0.255172413793    0.2575    0.3    0.104247104247    0.3    0.237877799522    0.2475
zhangyaming@@wis-eye.com    0.262068965517    0.263055555556    0.26    0.108108108108    0.3    0.245053272451    0.2425
shiguoqiang@wis-eye.com    0.668965517241    0.587777777778    0.29    0.760617760618    0.6    0.477929984779    0.3125
luxin@wis-eye.com    0.239655172414    0.258333333333    0.27    0.108108108108    0.3    0.227658186562    0.2475
hujixiang@wis-eye.com    0.403448275862    0.314444444444    0.14    0.513513513514    0.175    0.280495759948    0.0725
linjinxiu@wis-eye.com    0.16724137931    0.443611111111    0.13    0.297297297297    0.425    0.466405740378    0.1325
chenhong@wis-eye.com    0.175862068966    0.439166666667    0.1    0.289575289575    0.425    0.475320721896    0.1375
lijunsong@@wis-eye.com    0.26724137931    0.278333333333    0.29    0.227799227799    0.275    0.258969341161    0.2525
caihaiming@wis-eye.com    0.172413793103    0.442222222222    0.12    0.293436293436    0.425    0.461404653185    0.1325
qiulei@wis-eye.com    0.620689655172    0.608333333333    0.42    0.756756756757    0.625    0.516634050881    0.34
liuchaoyang@wis-eye.com    0.570689655172    0.585555555556    0.36    0.416988416988    0.6    0.495542509241    0.33
jinzhen@wis-eye.com    0.248275862069    0.253611111111    0.27    0.104247104247    0.275    0.234616220918    0.2025
mengchen@wis-eye.com    0.581034482759    0.478333333333    0.41    0.741312741313    0.55    0.389215046749    0.3975
lipengcheng@wis-eye.com    0.613793103448    0.564444444444    0.3    0.413127413127    0.6    0.45683844314    0.355
wanghan@wis-eye.com    0.158620689655    0.432777777778    0.11    0.293436293436    0.4    0.480104370515    0.1175
liyanzhe@wis-eye.com    0.251724137931    0.2575    0.3    0.212355212355    0.3    0.232006958034    0.2475
zhushichao@wis-eye.com    0.4    0.292777777778    0.21    0.494208494208    0.2    0.258751902588    0.0725
yuxiaotong@wis-eye.com    0.596551724138    0.697222222222    0.35    0.741312741313    0.65    0.557947379865    0.3175
xiaoyutao@wis-eye.com    0.608620689655    0.563888888889    0.49    0.764478764479    0.65    0.507501630789    0.3325
yulin@wis-eye.com    0.393103448276    0.301666666667    0.15    0.513513513514    0.175    0.270493585562    0.07
zhangruiqi@wis-eye.com    0.253448275862    0.246111111111    0.25    0.11583011583    0.275    0.223526853664    0.2025
zhanghanwen@wis-eye.com    0.606896551724    0.571666666667    0.34    0.409266409266    0.625    0.475320721896    0.3075
gusonglin@wis-eye.com    0.401724137931    0.3125    0.15    0.513513513514    0.4    0.27940856708    0.065
jiyunfeng@wis-eye.com    0.256896551724    0.240277777778    0.34    0.111969111969    0.3    0.222222222222    0.1925
sunweizhen@wis-eye.com    0.61724137931    0.553611111111    0.31    0.76833976834    0.6    0.464231354642    0.3775
yuchao@wis-eye.com    0.627586206897    0.565555555556    0.39    0.416988416988    0.6    0.470319634703    0.36
lixuetao@wis-eye.com    0.270689655172    0.254722222222    0.27    0.104247104247    0.275    0.225048923679    0.2225
jikongming@wis-eye.com    0.251724137931    0.2775    0.26    0.108108108108    0.275    0.262665796912    0.2525
zhanghao@wis-eye.com    0.398275862069    0.283055555556    0.18    0.509652509653    0.175    0.265709936943    0.0675
zhangqiming@wis-eye.com    0.265517241379    0.282222222222    0.36    0.104247104247    0.275    0.249184605349    0.265
lintianxiang@wis-eye.com    0.38275862069    0.323055555556    0.16    0.505791505792    0.2    0.294846705806    0.07
zhangyaqun@wis-eye.com    0.165517241379    0.444166666667    0.1    0.293436293436    0.4    0.468797564688    0.1275
1422596293@qq.com    0.613793103448    0.557777777778    0.4    0.432432432432    0.575    0.464883670363    0.36
zhangpeng@wis-eye.com    0.606896551724    0.605    0.39    0.749034749035    0.6    0.504457490759    0.3675
wangyang@wis-eye.com    0.275862068966    0.256111111111    0.24    0.220077220077    0.275    0.23657316808    0.2025
sunyue@wis-eye.com    0.255172413793    0.289722222222    0.24    0.223938223938    0.275    0.272667971298    0.2125
dongdong@wis-eye.com    0.163793103448    0.454444444444    0.1    0.289575289575    0.45    0.496629702109    0.1375
luzhneyang@wis-eye.com    0.218965517241    0.249166666667    0.32    0.11583011583    0.275    0.231789519461    0.2375
yanghaotian@wis-eye.com    0.244827586207    0.234722222222    0.29    0.227799227799    0.3    0.212654924984    0.2425
huyi@wis-eye.com    0.389655172414    0.293611111111    0.19    0.513513513514    0.4    0.274190041313    0.0625
liujiahow@wis-eye.com    0.587931034483    0.561944444444    0.39    0.413127413127    0.625    0.469232441835    0.3975
hechaohui@wis-eye.com    0.641379310345    0.470555555556    0.35    0.745173745174    0.575    0.381169819526    0.325
pengyanhao@@wis-eye.com    0.587931034483    0.558611111111    0.32    0.420849420849    0.575    0.478364861927    0.3625
changjiaxin@wis-eye.com    0.415517241379    0.304166666667    0.17    0.513513513514    0.175    0.27158077843    0.0675
yangshuo@wis-eye.com    0.624137931034    0.576944444444    0.31    0.42471042471    0.6    0.451185040226    0.38
kongqingming@wis-eye.com    0.589655172414    0.545833333333    0.33    0.416988416988    0.6    0.474450967602    0.3725
zhaiwenjie@wis-eye.com    0.277586206897    0.258611111111    0.27    0.227799227799    0.275    0.235051098065    0.265
cuirunze@wis-eye.com    0.606896551724    0.5625    0.33    0.416988416988    0.625    0.450532724505    0.3025
leipengquan@wis-eye.com    0.563793103448    0.5325    0.33    0.760617760618    0.6    0.44596651446    0.385
heyancheng@wis-eye.com    0.241379310345    0.276944444444    0.28    0.220077220077    0.275    0.264187866928    0.23
fuyao@wis-eye.com    0.394827586207    0.326666666667    0.15    0.517374517375    0.175    0.291802565775    0.065
zhangyouqiang@wis-eye.com    0.56724137931    0.460555555556    0.3    0.803088803089    0.65    0.406392694064    0.345
tianran@wis-eye.com    0.668965517241    0.564722222222    0.4    0.787644787645    0.6    0.476625353338    0.335
liuxinyu@wis-eye.com    0.265517241379    0.243333333333    0.31    0.108108108108    0.275    0.22809306371    0.2275
renlong@wis-eye.com    0.229310344828    0.303055555556    0.26    0.216216216216    0.3    0.276581865623    0.23
wanggang@wis-eye.com    0.355172413793    0.308611111111    0.18    0.517374517375    0.4    0.28484453142    0.0575
gongjun@@wis-eye.com    0.613793103448    0.594444444444    0.34    0.420849420849    0.55    0.504240052185    0.3625
wanghongyun@wis-eye.com    0.408620689655    0.343611111111    0.15    0.513513513514    0.175    0.314851054577    0.0725
wangliming@wis-eye.com    0.522413793103    0.5325    0.49    0.409266409266    0.6    0.410089149815    0.25
wangxuwu@wis-eye.com    0.174137931034    0.436666666667    0.12    0.293436293436    0.425    0.46531854751    0.15
liushenrong@wis-eye.com    0.377586206897    0.305277777778    0.16    0.513513513514    0.425    0.275712111329    0.0675
