1.0    0.021592
1.0    0.191992
1.0    0.169992
1.0    0.269192
1.0    0.039192
1.0    0.467592
1.0    0.172392
1.0    0.003592
1.0    0.641592
1.0    0.134392
1.0    0.237992
1.0    0.063192
1.0    0.241992
1.0    0.826392
1.0    1.040792
1.0    1.471592
1.0    0.438792
1.0    0.022792
1.0    0.686392
1.0    0.159192
1.0    0.213192
1.0    0.113992
1.0    0.415192
1.0    0.143992
1.0    0.234792
1.0    0.195192
1.0    0.043192
1.0    0.047592
1.0    0.043992
1.0    0.161592
1.0    0.163992
1.0    0.181192
1.0    0.524792
1.0    0.861592
1.0    0.134392
1.0    0.119192
1.0    0.279592
1.0    0.134392
1.0    0.570792
1.0    0.012392
1.0    0.036792
1.0    1.535992
1.0    0.443592
1.0    0.151992
1.0    0.369192
1.0    0.224392
1.0    0.175192
1.0    0.218392
1.0    0.169192
1.0    0.019992
0.0    1.4950295858
2.0    0.494084923408
0.0    0.97426035503
2.0    0.510642300457
2.0    0.432445579145
2.0    0.0676914807847
2.0    0.610314431604
2.0    2.45736361193
2.0    0.601298038162
2.0    0.708839021768
2.0    2.30801934964
2.0    0.107199677506
2.0    0.645888202096
2.0    0.170314431604
2.0    0.745560333244
2.0    0.796707874227
2.0    0.164248857834
2.0    0.280642300457
2.0    0.409494759473
2.0    0.489002956195
2.0    0.513920988981
2.0    0.219330825047
2.0    0.497363611932
2.0    0.202281644719
2.0    0.317855415211
2.0    0.581625907014
2.0    1.01375705456
0.0    0.666568047337
2.0    0.0555603332438
2.0    1.03178984144
2.0    0.721625907014
2.0    0.926216070949
2.0    0.302281644719
2.0    0.548839021768
2.0    0.317691480785
2.0    0.487691480785
2.0    0.896707874227
2.0    0.386052136522
2.0    0.248839021768
2.0    0.374248857834
2.0    0.222117710293
2.0    0.159822628326
2.0    0.232773447998
2.0    2.34883902177
2.0    0.13572426767
2.0    0.191298038162
2.0    0.112609513572
2.0    0.151298038162
2.0    2.71195377587
2.0    0.138511152916
0.0    0.636568047337
2.0    0.731625907014
0.0    0.102721893491
0.0    0.415798816568
0.0    0.159644970414
0.0    1.34733727811
2.0    1.10851115292
0.0    0.636568047337
0.0    0.428106508876
0.0    0.740414201183
0.0    0.521952662722
0.0    0.54426035503
0.0    0.0573372781065
2.0    0.785560333244
2.0    1.44900295619
0.0    0.45426035503
0.0    0.241952662722
0.0    2.22964497041
0.0    2.40733727811
2.0    0.68441279226
0.0    0.0781065088757
2.0    0.665396398818
0.0    1.7650295858
2.0    0.570314431604
0.0    0.075798816568
0.0    0.280414201183
2.0    0.406543939801
2.0    0.509166890621
0.0    0.298106508876
0.0    0.338875739645
0.0    0.546568047337
0.0    2.08887573964
0.0    0.317337278107
2.0    0.687363611932
0.0    1.23656804734
0.0    0.930414201183
0.0    0.54426035503
0.0    0.317337278107
2.0    0.383593120129
0.0    0.10426035503
0.0    0.157337278107
0.0    0.441952662722
2.0    0.731625907014
0.0    0.112721893491
0.0    0.272721893491
0.0    0.355798816568
2.0    0.822117710293
0.0    0.399644970414
0.0    0.691952662722
2.0    0.707199677506
