0.0    0.021592
0.0    0.191992
0.0    0.169992
0.0    0.269192
0.0    0.039192
0.0    0.467592
0.0    0.172392
0.0    0.003592
0.0    0.641592
0.0    0.134392
0.0    0.237992
0.0    0.063192
0.0    0.241992
0.0    0.826392
0.0    1.040792
0.0    1.471592
0.0    0.438792
0.0    0.022792
0.0    0.686392
0.0    0.159192
0.0    0.213192
0.0    0.113992
0.0    0.415192
0.0    0.143992
0.0    0.234792
0.0    0.195192
0.0    0.043192
0.0    0.047592
0.0    0.043992
0.0    0.161592
0.0    0.163992
0.0    0.181192
0.0    0.524792
0.0    0.861592
0.0    0.134392
0.0    0.119192
0.0    0.279592
0.0    0.134392
0.0    0.570792
0.0    0.012392
0.0    0.036792
0.0    1.535992
0.0    0.443592
0.0    0.151992
0.0    0.369192
0.0    0.224392
0.0    0.175192
0.0    0.218392
0.0    0.169192
0.0    0.019992
2.0    1.4950295858
1.0    0.494084923408
2.0    0.97426035503
1.0    0.510642300457
1.0    0.432445579145
1.0    0.0676914807847
1.0    0.610314431604
1.0    2.45736361193
1.0    0.601298038162
1.0    0.708839021768
1.0    2.30801934964
1.0    0.107199677506
1.0    0.645888202096
1.0    0.170314431604
1.0    0.745560333244
1.0    0.796707874227
1.0    0.164248857834
1.0    0.280642300457
1.0    0.409494759473
1.0    0.489002956195
1.0    0.513920988981
1.0    0.219330825047
1.0    0.497363611932
1.0    0.202281644719
1.0    0.317855415211
1.0    0.581625907014
1.0    1.01375705456
2.0    0.666568047337
1.0    0.0555603332438
1.0    1.03178984144
1.0    0.721625907014
1.0    0.926216070949
1.0    0.302281644719
1.0    0.548839021768
1.0    0.317691480785
1.0    0.487691480785
1.0    0.896707874227
1.0    0.386052136522
1.0    0.248839021768
1.0    0.374248857834
1.0    0.222117710293
1.0    0.159822628326
1.0    0.232773447998
1.0    2.34883902177
1.0    0.13572426767
1.0    0.191298038162
1.0    0.112609513572
1.0    0.151298038162
1.0    2.71195377587
1.0    0.138511152916
2.0    0.636568047337
1.0    0.731625907014
2.0    0.102721893491
2.0    0.415798816568
2.0    0.159644970414
2.0    1.34733727811
1.0    1.10851115292
2.0    0.636568047337
2.0    0.428106508876
2.0    0.740414201183
2.0    0.521952662722
2.0    0.54426035503
2.0    0.0573372781065
1.0    0.785560333244
1.0    1.44900295619
2.0    0.45426035503
2.0    0.241952662722
2.0    2.22964497041
2.0    2.40733727811
1.0    0.68441279226
2.0    0.0781065088757
1.0    0.665396398818
2.0    1.7650295858
1.0    0.570314431604
2.0    0.075798816568
2.0    0.280414201183
1.0    0.406543939801
1.0    0.509166890621
2.0    0.298106508876
2.0    0.338875739645
2.0    0.546568047337
2.0    2.08887573964
2.0    0.317337278107
1.0    0.687363611932
2.0    1.23656804734
2.0    0.930414201183
2.0    0.54426035503
2.0    0.317337278107
1.0    0.383593120129
2.0    0.10426035503
2.0    0.157337278107
2.0    0.441952662722
1.0    0.731625907014
2.0    0.112721893491
2.0    0.272721893491
2.0    0.355798816568
1.0    0.822117710293
2.0    0.399644970414
2.0    0.691952662722
1.0    0.707199677506
