0.0    0.742861689707
0.0    2.78453908304
0.0    0.481708645262
0.0    1.29450600637
0.0    4.26985336637
0.0    0.258598221929
0.0    0.881763977485
0.0    0.480842210818
0.0    6.03957014637
0.0    4.56557964526
0.0    4.1519833386
0.0    1.39959520526
0.0    2.78527355082
0.0    1.27647422193
0.0    1.24238837748
0.0    2.61336910193
2.0    5.00743566387
0.0    2.35021184082
0.0    1.3037737186
2.0    1.15241027101
0.0    0.45298813304
0.0    0.346400879707
0.0    5.32479888637
0.0    10.0201537664
0.0    1.04509423526
0.0    6.02014985526
2.0    3.39319920673
0.0    4.52519152193
0.0    0.407204117485
0.0    2.46539240526
0.0    5.96607346971
0.0    1.56776072193
0.0    1.97403738304
0.0    0.911194874151
0.0    0.532369999707
0.0    2.72738816748
0.0    3.30839982193
1.0    4.43948405605
0.0    0.263172640818
2.0    10.0881898134
0.0    1.66684323304
0.0    1.91149740748
0.0    3.43494249971
0.0    5.36162991193
0.0    0.483499194151
0.0    2.18630541637
0.0    2.2751388386
0.0    0.232322624151
0.0    0.0337570885957
0.0    0.397755988596
0.0    1.81266962193
0.0    10.1898684686
0.0    2.29196354637
0.0    0.605924427485
0.0    1.54604484637
0.0    0.838444346373
0.0    0.133866701929
0.0    2.40714462748
0.0    1.0838677186
0.0    9.41949210193
2.0    4.99259462491
2.0    7.41571642114
2.0    2.82196197036
2.0    2.32578405491
0.0    6.77650702748
0.0    4.68642495526
0.0    1.90199449415
0.0    0.643592961929
0.0    1.5138384886
2.0    2.35079223205
1.0    1.54274672884
1.0    5.22043972884
1.0    3.47942064687
1.0    0.644469057361
1.0    4.54071023851
1.0    6.23578325752
1.0    2.30828888228
1.0    5.83433099113
1.0    2.36789780572
1.0    3.93611084703
1.0    9.65085772884
1.0    3.06573433146
1.0    5.03971008966
1.0    5.53497051507
1.0    1.24814238277
1.0    1.61766804834
1.0    3.86614265933
1.0    0.511439930312
1.0    11.8686020265
1.0    7.43825159834
1.0    5.38604347785
1.0    0.251890660148
1.0    0.147281094246
1.0    5.91078282539
1.0    2.36062990933
1.0    3.93936448703
1.0    0.502259155722
1.0    2.50811413146
1.0    0.960770065886
1.0    2.00828394343
0.0    6.45135574415
1.0    3.24009837162
1.0    1.12349915244
1.0    0.435462679
1.0    0.131896728181
1.0    1.18412203966
1.0    0.639692209
1.0    1.47607596966
1.0    2.4483802372
1.0    3.5510477131
1.0    2.06500227703
1.0    0.64128971064
1.0    2.45394572621
1.0    9.75227821425
1.0    7.37390142654
1.0    2.02757514212
1.0    0.755481511787
1.0    0.500598209
1.0    0.0468228804757
1.0    2.52998997212
1.0    8.04172914457
1.0    0.421268689656
0.0    6.15307124082
1.0    0.657427446213
0.0    2.59216248304
1.0    0.392820275722
1.0    0.66171899523
1.0    2.63970567966
1.0    5.58265446392
1.0    5.225498559
1.0    0.996947109984
1.0    0.56044983064
0.0    4.48151471082
0.0    6.11203560526
0.0    6.90264347415
0.0    1.58327461193
1.0    2.18458059507
0.0    1.92614323526
0.0    1.71884883415
0.0    4.93872203415
2.0    2.10232993803
2.0    7.71771845868
2.0    3.98775789647
2.0    0.597014025299
2.0    0.144899896468
2.0    2.64919819738
2.0    6.78054228673
2.0    0.443224660624
2.0    3.05746608984
2.0    2.06244345712
2.0    0.259487109975
2.0    5.11913184777
2.0    0.300727248286
2.0    2.74965673595
2.0    0.969921778546
2.0    1.81696395997
2.0    2.58861436971
2.0    0.301606134001
2.0    0.386906622702
2.0    0.709746978157
2.0    3.51356755686
2.0    0.311709570364
2.0    0.0817194242604
2.0    0.573615271014
2.0    3.62137901127
2.0    6.60298465608
2.0    0.394109142182
2.0    1.42226599374
2.0    0.627437076858
2.0    2.1793791179
2.0    4.91446439582
2.0    4.04760323997
2.0    0.818272297118
2.0    1.06352962179
2.0    1.63156302959
2.0    1.91782901855
2.0    0.925955136079
2.0    1.87589687894
2.0    1.5543774379
0.0    8.0953434186
2.0    0.550232660105
2.0    0.340090598286
2.0    0.0738823854292
2.0    0.360060816598
2.0    3.27907766127
2.0    0.715370382702
2.0    0.202500369715
2.0    1.75141266166
2.0    8.42707112504
2.0    2.88661472036
2.0    1.76280460296
2.0    1.28604848465
2.0    1.44431773088
2.0    1.57838407881
2.0    0.431732850364
2.0    0.849578530234
2.0    1.32036811517
2.0    2.31331192569
2.0    2.75375569244
2.0    4.54842008088
2.0    0.722863182832
0.0    5.89365862415
2.0    1.54603439257
2.0    14.2804732211
2.0    0.925345755819
2.0    1.39916818335
2.0    0.905595066468
2.0    14.4462584691
2.0    1.37561155478
2.0    0.897770426338
