1.0    0.0416193128484
1.0    0.0664717765341
1.0    0.100033583829
1.0    0.0878986835615
1.0    0.147491085655
1.0    0.0379867558703
1.0    0.0122082410101
1.0    0.0263319828274
0.0    0.155182042331
1.0    0.163753244028
1.0    0.0900100049543
1.0    0.0411509477251
1.0    0.0915455232516
1.0    0.0491870162226
1.0    0.0638265828075
1.0    0.107253370378
1.0    0.326920450334
1.0    0.114012855794
1.0    0.229139163233
2.0    0.0693091529967
1.0    0.0663146083991
1.0    0.020389473333
1.0    0.142747981228
2.0    0.206925222451
1.0    0.0707229891659
1.0    0.144334367935
2.0    0.103813057728
2.0    0.116348027281
1.0    0.0117667827908
1.0    0.0947830626865
1.0    0.176004902063
1.0    0.049477398725
1.0    0.112950501487
1.0    0.0381590997156
1.0    0.0314704533543
1.0    0.110561852344
1.0    0.129104574921
0.0    0.226622801887
1.0    0.0109121737429
1.0    0.28622699904
1.0    0.0501129537485
1.0    0.0533210534537
1.0    0.177139222256
1.0    0.148252823713
1.0    0.0425352911013
1.0    0.0680892167294
1.0    0.058200296648
1.0    0.0095371875088
1.0    0.00131101646758
1.0    0.0416147788524
1.0    0.0286722200268
1.0    0.177798538722
1.0    0.133930763733
1.0    0.0122624732091
1.0    0.140180185468
1.0    0.0689215222976
1.0    0.016350747547
1.0    0.0929844029791
1.0    0.0349748836737
2.0    0.268756492832
2.0    0.169450484431
2.0    0.279112751574
2.0    0.264112299315
2.0    0.0921625974968
1.0    0.213179743721
1.0    0.214741439678
1.0    0.0527592217104
1.0    0.0518623272252
1.0    0.0519321025778
2.0    0.0478949769513
0.0    0.0515508432911
0.0    0.149216161092
0.0    0.0876085957191
0.0    0.0803271983617
0.0    0.104676335465
0.0    0.189605737604
0.0    0.128614863753
0.0    0.188167685427
0.0    0.0924740176726
0.0    0.123402151662
0.0    0.208168248673
0.0    0.0951898483641
0.0    0.102844822818
0.0    0.122662830385
0.0    0.0439323600614
0.0    0.0316268551961
0.0    0.0830533582834
0.0    0.150091951631
0.0    0.301523283959
0.0    0.225873496177
0.0    0.183913037667
0.0    0.0237346696294
0.0    0.00751133129307
0.0    0.166983571203
0.0    0.294783632571
0.0    0.108780843192
0.0    0.0300673978132
0.0    0.132881862193
0.0    0.0799244238386
0.0    0.0357398173099
1.0    0.17885696314
0.0    0.108222060704
0.0    0.0532571200123
0.0    0.0407963621336
0.0    0.00726737643372
0.0    0.0414838674557
0.0    0.0569014688742
0.0    0.039072852111
0.0    0.177396767782
0.0    0.0661222642252
0.0    0.0577397270426
0.0    0.0377492504682
0.0    0.0922755204874
0.0    0.183717362572
0.0    0.21157461132
0.0    0.0522723326548
0.0    0.101712069082
0.0    0.0206469833883
0.0    0.0264642004675
0.0    0.097557621414
0.0    0.175521944495
0.0    0.0245693076759
1.0    0.229944009222
0.0    0.0760891822185
1.0    0.133151118638
0.0    0.0418597868
0.0    0.039736218259
0.0    0.0780788656828
0.0    0.143241138527
0.0    0.185512741751
0.0    0.0906929144206
0.0    0.0270863191464
1.0    0.203680646897
0.0    0.236914440945
1.0    0.23254403178
1.0    0.0769777949102
0.0    0.0393265960013
1.0    0.269517697527
1.0    0.184017880344
0.0    0.166354608101
2.0    0.0906444667047
2.0    0.2335328528
2.0    0.12774602345
2.0    0.0439228378059
2.0    0.0500043746039
2.0    0.160860492088
2.0    0.131363379735
2.0    0.0347502412857
2.0    0.0667510635341
2.0    0.181390385621
2.0    0.0183817850574
2.0    0.172023398012
2.0    0.0574141888024
2.0    0.093616903682
2.0    0.0345270471272
2.0    0.101919178555
2.0    0.0553653065118
2.0    0.173183272223
2.0    0.189333391736
2.0    0.0847693698143
2.0    0.10958999599
2.0    0.0198221988503
2.0    0.0101308510281
2.0    0.0229392617529
2.0    0.0892056865064
2.0    0.178628148129
2.0    0.0216210830688
2.0    0.0468605368645
2.0    0.0596310103482
2.0    0.0588524760214
2.0    0.182051959976
2.0    0.0847723310924
2.0    0.0263990065698
2.0    0.0398944602877
2.0    0.177589541363
2.0    0.058993768327
2.0    0.0439217406034
2.0    0.0771435773614
2.0    0.039049792685
2.0    0.158166721251
2.0    0.0378115068297
2.0    0.0558178563499
2.0    0.0103701151639
2.0    0.0186109451282
2.0    0.11334633186
2.0    0.103341976512
2.0    0.115058491682
2.0    0.061200408842
2.0    0.175452145095
2.0    0.124982838148
2.0    0.0589223394198
2.0    0.0295586994536
2.0    0.100338273483
2.0    0.0945740127034
2.0    0.0288349107459
2.0    0.163782257579
2.0    0.115414789708
1.0    0.123858388471
2.0    0.0571604198118
1.0    0.204311004681
2.0    0.0357362208904
1.0    0.268096038263
2.0    0.0822562670506
2.0    0.404849819214
2.0    0.0229739642865
2.0    0.105567237705
2.0    0.0177634561394
2.0    0.448946892578
2.0    0.0191873984042
2.0    0.0555165827023
