1.0    0.551726682254
1.0    2.92700998479
1.0    0.726075440463
1.0    1.763634183
1.0    3.85240799449
1.0    0.470476208672
1.0    0.794679184792
1.0    0.770672495239
1.0    5.25109655434
1.0    3.90717036584
1.0    3.69251453181
1.0    1.82419447808
1.0    3.03078872703
1.0    1.64433726837
1.0    1.65297224524
1.0    2.55398932748
2.0    5.08062284064
1.0    2.11073581181
1.0    1.50526355733
2.0    0.903150683319
1.0    0.622484460165
1.0    0.602364047628
1.0    5.08670250778
2.0    10.086029578
1.0    1.01365394837
1.0    5.60157435196
2.0    2.8678371382
2.0    5.11528677308
1.0    0.673520918075
1.0    2.89705099151
1.0    6.84522988091
1.0    1.14284674972
1.0    2.05626133703
1.0    1.31168886255
1.0    0.443079566881
1.0    2.19674883748
1.0    2.63561600643
0.0    4.43948405605
1.0    0.177741503598
2.0    10.6595670219
1.0    2.20381775793
1.0    2.50095186852
1.0    4.19156759673
1.0    4.77303723449
1.0    0.290551346732
1.0    2.73328685419
1.0    2.16492518479
1.0    0.101276008075
1.0    0.0146876922544
1.0    0.380178498971
1.0    1.78531451912
1.0    9.42551985584
1.0    2.18272994315
1.0    0.709204892254
1.0    1.72592179912
1.0    0.766334922254
1.0    0.250450602851
1.0    2.54231690196
1.0    0.888892706583
2.0    9.88368703064
2.0    4.32027225527
2.0    6.60737882673
2.0    2.27800193332
2.0    2.071741056
1.0    7.80879218255
1.0    5.57122310121
1.0    2.21766743031
1.0    0.983380777031
1.0    1.79613803628
2.0    1.90499832234
0.0    1.54274672884
0.0    5.22043972884
0.0    3.47942064687
0.0    0.644469057361
0.0    4.54071023851
0.0    6.23578325752
0.0    2.30828888228
0.0    5.83433099113
0.0    2.36789780572
0.0    3.93611084703
0.0    9.65085772884
0.0    3.06573433146
0.0    5.03971008966
0.0    5.53497051507
0.0    1.24814238277
0.0    1.61766804834
0.0    3.86614265933
0.0    0.511439930312
0.0    11.8686020265
0.0    7.43825159834
0.0    5.38604347785
0.0    0.251890660148
0.0    0.147281094246
0.0    5.91078282539
0.0    2.36062990933
0.0    3.93936448703
0.0    0.502259155722
0.0    2.50811413146
0.0    0.960770065886
0.0    2.00828394343
1.0    5.54788344524
0.0    3.24009837162
0.0    1.12349915244
0.0    0.435462679
0.0    0.131896728181
0.0    1.18412203966
0.0    0.639692209
0.0    1.47607596966
0.0    2.4483802372
0.0    3.5510477131
0.0    2.06500227703
0.0    0.64128971064
0.0    2.45394572621
0.0    9.75227821425
0.0    7.37390142654
0.0    2.02757514212
0.0    0.755481511787
0.0    0.500598209
0.0    0.0468228804757
0.0    2.52998997212
0.0    8.04172914457
0.0    0.421268689656
1.0    5.30290530136
0.0    0.657427446213
1.0    2.02960716464
0.0    0.392820275722
0.0    0.66171899523
0.0    2.63970567966
0.0    5.58265446392
0.0    5.225498559
0.0    0.996947109984
0.0    0.56044983064
1.0    3.94812037957
1.0    5.26574320643
1.0    6.24777302599
1.0    1.21770640464
0.0    2.18458059507
1.0    1.49505639614
1.0    1.2826876733
1.0    4.13763506733
2.0    2.26750398283
2.0    8.47944897722
2.0    4.37825757795
2.0    0.867400030637
2.0    0.0840925633195
2.0    3.22414581722
2.0    5.95165793527
2.0    0.323237224783
2.0    2.52449299186
2.0    2.41138279283
2.0    0.458598776002
2.0    5.93624513039
2.0    0.319702913807
2.0    2.3220798882
2.0    0.791603006246
2.0    2.26769175283
2.0    2.15897897112
2.0    0.345893679661
2.0    0.300182591612
2.0    0.995739977222
2.0    2.93223306698
2.0    0.175569728441
2.0    0.1863981321
2.0    0.453116395515
2.0    4.2742209321
2.0    5.72853530893
2.0    0.459791128197
2.0    1.05566801625
2.0    0.547401113807
2.0    1.81779287186
2.0    5.69690760844
2.0    4.786810306
2.0    0.729674491368
2.0    1.41897492064
2.0    1.87923149625
2.0    2.02339411942
2.0    1.20160176942
2.0    1.95668547673
2.0    2.00552825039
2.0    8.65472089917
2.0    0.677908368198
2.0    0.424840234539
2.0    0.1288600621
2.0    0.570251140149
2.0    3.76300291869
2.0    0.526730536978
2.0    0.297582097954
2.0    1.63782673795
2.0    9.4716949243
2.0    3.06895346381
2.0    2.07866336332
2.0    1.08506914795
2.0    1.07648148649
2.0    1.71037977112
2.0    0.232249901124
2.0    0.868094197466
2.0    1.55524446381
2.0    2.23248856942
2.0    2.23926655771
2.0    3.84837518771
2.0    0.978891749905
2.0    5.91647735381
2.0    1.36996725112
2.0    15.5679075633
2.0    0.634315524539
2.0    1.01645947478
2.0    0.826098689417
2.0    15.6548528406
2.0    1.00529217234
2.0    1.21842330478
