2.0    0.255686651567
2.0    0.29170630152
2.0    0.251902197979
2.0    0.21745006696
1.0    0.421370206658
2.0    0.189556987177
2.0    0.125586893519
2.0    0.145710385412
1.0    0.101211379328
1.0    0.17178605075
2.0    0.198341949277
2.0    0.136725379426
2.0    0.109289145819
2.0    0.0581678535536
2.0    0.0608095313901
2.0    0.216353994937
2.0    0.392982573026
2.0    0.478758314019
2.0    0.480911284973
2.0    0.0155878337328
2.0    0.0863160914723
2.0    0.0793065912971
1.0    0.528659102708
2.0    0.140678285137
2.0    0.2475616621
1.0    0.344892345104
2.0    0.0207230452467
2.0    0.0486252489584
2.0    0.10258101531
2.0    0.0199611045545
2.0    0.156702137584
2.0    0.254961061206
2.0    0.113031016825
2.0    0.102918162889
2.0    0.256335900429
1.0    0.269819937801
1.0    0.173115871394
1.0    0.167819233841
2.0    0.176977238365
2.0    0.282439983777
2.0    0.0867982447964
2.0    0.0956151976647
2.0    0.197724781194
1.0    0.253002272377
2.0    0.299324143467
2.0    0.131818033806
2.0    0.355756717803
2.0    0.214523696811
2.0    0.158242856958
2.0    0.205228729852
2.0    0.103438867582
2.0    0.37695399456
2.0    0.139273342483
2.0    0.0964333145331
2.0    0.250524526743
2.0    0.240004557208
2.0    0.148082094689
2.0    0.369594447342
2.0    0.315990868911
2.0    0.235634482583
2.0    0.178568237415
2.0    0.2559495652
2.0    0.165170683095
2.0    0.00707652177792
2.0    0.148700041238
2.0    0.158947398705
2.0    0.192368421635
2.0    0.10199044289
2.0    0.176747761297
2.0    0.0402173398326
1.0    0.0393926224154
1.0    0.107389953115
1.0    0.0525474953255
1.0    0.10334162256
1.0    0.0590058935851
1.0    0.138756668385
1.0    0.0918294863535
1.0    0.269881283879
1.0    0.131458788345
1.0    0.0707256844882
1.0    0.158076027854
1.0    0.103294646966
1.0    0.15807698003
1.0    0.158069298424
1.0    0.0810363716484
1.0    0.0321985854716
1.0    0.0878432164613
1.0    0.196646381792
1.0    0.396225143636
1.0    0.311469134319
1.0    0.245592534697
1.0    0.0353888598863
1.0    0.0196989148381
1.0    0.176798270469
1.0    0.330668928576
1.0    0.0722338292072
1.0    0.0674905804744
1.0    0.161275136979
1.0    0.0815208893025
1.0    0.0419174353778
1.0    0.157534624821
1.0    0.0779289946915
1.0    0.0805194201021
1.0    0.070532647966
1.0    0.0282366724503
1.0    0.0387160749137
1.0    0.0743459123676
1.0    0.0136734469564
1.0    0.248706961401
1.0    0.0562161562079
1.0    0.0465803958355
1.0    0.0635749914869
1.0    0.106049912132
1.0    0.216210912707
1.0    0.300388926566
1.0    0.0768034055857
1.0    0.108096818813
1.0    0.0478320744837
1.0    0.0393859309161
1.0    0.156661608706
1.0    0.240425099757
1.0    0.0108040504094
1.0    0.215057990585
1.0    0.0662716135134
2.0    0.457869949038
1.0    0.055818352677
1.0    0.0519686736745
1.0    0.0551347904614
1.0    0.191359549928
1.0    0.149032581413
1.0    0.0798337477232
1.0    0.0368205304275
1.0    0.261075267864
1.0    0.168198704696
1.0    0.231254234458
2.0    0.33243686771
1.0    0.0156602806757
1.0    0.295818750538
1.0    0.271643640479
1.0    0.106696540451
2.0    0.0890618539792
2.0    0.223401034357
2.0    0.098185860723
2.0    0.0669394953565
2.0    0.16338304756
2.0    0.382175051475
2.0    0.208717843061
2.0    0.0154010374216
2.0    0.0438815225572
2.0    0.416923291306
2.0    0.0994026679913
2.0    0.343005181315
2.0    0.133604462439
2.0    0.224726468068
2.0    0.147376470231
2.0    0.301668060265
2.0    0.100174477687
2.0    0.321692495827
2.0    0.348936158508
2.0    0.252341107081
2.0    0.102859469136
2.0    0.0670046655485
2.0    0.0911363727198
2.0    0.0167118137712
2.0    0.241096950377
2.0    0.105125088842
2.0    0.0649691972641
2.0    0.0751173749689
2.0    0.21277632734
2.0    0.179568101672
2.0    0.415669596356
2.0    0.229820312835
2.0    0.14636930899
2.0    0.193638920491
2.0    0.409649376069
2.0    0.173407276352
2.0    0.206383307294
2.0    0.263155864428
2.0    0.175296524316
2.0    0.124935833365
2.0    0.138242956965
2.0    0.0366794654899
2.0    0.0417178888003
2.0    0.0999558653278
2.0    0.122577577836
2.0    0.244117683654
2.0    0.259120502547
2.0    0.21634261869
2.0    0.335838436814
2.0    0.25219951932
2.0    0.237362937811
2.0    0.105231659844
2.0    0.0681563174184
2.0    0.295825685446
2.0    0.0211412489717
2.0    0.0843132171978
2.0    0.0745941818143
2.0    0.0569191128924
2.0    0.0388833929217
2.0    0.156431546852
2.0    0.0573980360271
2.0    0.215527855417
2.0    0.144198692316
2.0    0.424382504235
2.0    0.0185961883939
2.0    0.0587061972689
2.0    0.112276269628
2.0    0.416629687977
2.0    0.0595897548452
2.0    0.0705722829496
