1.0    25504.1199398
1.0    20774.1483251
2.0    15347.0858785
2.0    29375.2550155
1.0    29446.9096683
2.0    19987.8268303
2.0    453.012863649
2.0    429.645848834
1.0    19394.5833953
1.0    19360.9751716
2.0    40492.6803007
2.0    944.260622908
2.0    404.124671056
2.0    25457.6201377
2.0    56790.3659081
2.0    43.7008414266
2.0    1044.5469155
2.0    32059.2640748
2.0    137818.598086
1.0    3823.91604506
1.0    16259.5460398
1.0    18643.9140402
1.0    16624.7493083
1.0    12007.5191949
1.0    3941.11895282
1.0    6097.44519323
2.0    13108.4183525
2.0    708.153385871
1.0    82.3580495527
1.0    16730.9677193
2.0    618.602934019
2.0    42532.9968451
1.0    7028.00478914
2.0    6146.71495254
1.0    35592.6374393
1.0    274.268856083
1.0    705.606917308
1.0    39587.9346589
1.0    13052.4796463
1.0    21808.4660214
1.0    12469.9479087
1.0    16919.0728451
1.0    35671.2625034
0.0    25204.654087
1.0    464.219542206
1.0    30163.4228753
1.0    25231.9602887
1.0    6261.8971267
1.0    23649.1021222
2.0    2392.24448587
2.0    25419.240434
2.0    2052.80604143
2.0    14147.5082488
2.0    4473.52050439
1.0    23695.0417161
2.0    35757.8057007
1.0    4140.31109486
2.0    1517.52998587
2.0    572.037015501
0.0    149.02142808
0.0    25184.4464301
0.0    5179.01989286
0.0    11770.7164242
0.0    10368.380534
0.0    27855.4324222
0.0    24502.1601517
0.0    668.530498734
0.0    384.438608526
1.0    24457.1040222
1.0    37245.3837585
1.0    1372.38412408
0.0    12531.1197203
0.0    2514.85670851
1.0    7219.25320016
1.0    494.121768328
0.0    8788.33326733
0.0    16869.5473752
0.0    812.149345741
1.0    25191.0569349
0.0    3496.77954378
0.0    59391.6343987
0.0    37098.837234
0.0    12025.5451634
0.0    124.679432057
0.0    16.9555869251
0.0    5162.99787711
0.0    729.802592796
0.0    1703.38618103
0.0    25203.290485
0.0    11281.1577124
0.0    1899.08844378
0.0    5184.79573399
0.0    897.131379082
0.0    53667.2841359
0.0    31203.4873222
1.0    3751.08876955
0.0    12331.5845163
0.0    8856.22665555
0.0    19212.0817752
0.0    13404.341434
0.0    35534.3384222
0.0    1679.52024378
0.0    7005.79245359
0.0    11423.6973144
0.0    22713.3436516
0.0    42687.0487026
0.0    327.165014383
0.0    1226.56049673
0.0    43927.0945261
0.0    25114.533632
0.0    1827.15133594
0.0    38675.9612477
0.0    7389.5792438
0.0    7706.39137712
0.0    18751.7905477
0.0    13212.7804947
0.0    774.627869256
0.0    31389.2231281
0.0    22580.5474183
0.0    1862.3617065
0.0    10712.3555065
0.0    3919.63063992
0.0    24625.5818104
0.0    20116.8077889
0.0    20189.6952673
0.0    20691.0288693
0.0    28814.670934
0.0    3155.61951634
0.0    32296.9656889
0.0    3612.8765379
0.0    12571.1860948
0.0    180.854053638
0.0    1511.25673992
0.0    6308.41311049
0.0    16586.7699007
0.0    30094.595885
1.0    35150.6456271
0.0    78.6717183359
0.0    3454.51208109
0.0    4750.87480853
0.0    6160.92031048
1.0    16374.5970822
0.0    25.5308261663
0.0    820.556128128
1.0    2661.95543527
1.0    5893.39146792
0.0    11555.8406674
0.0    10775.5195831
0.0    16517.4940125
0.0    1208.75810078
0.0    1353.31698899
0.0    2103.15736551
0.0    9852.69355563
0.0    23604.5121126
0.0    14127.5763066
1.0    33177.7698373
0.0    1775.07991449
1.0    923.490926287
0.0    19279.171395
0.0    9769.58732827
0.0    47.3573674075
0.0    25286.3301536
0.0    2502.98748501
0.0    23703.7253497
0.0    8774.4592145
0.0    49.5317869951
0.0    30426.60294
0.0    26780.8437871
1.0    24512.9316969
0.0    12134.5421811
0.0    145.653069326
0.0    2749.27239229
0.0    19203.0106871
1.0    27895.4674581
1.0    24525.7633822
1.0    5245.46262547
1.0    4545.03499649
0.0    1525.1537341
