0.0    0.355400363468
0.0    0.230620431189
0.0    0.21627712948
0.0    0.698561902545
0.0    0.18909208878
0.0    0.439857945477
0.0    0.312100507068
0.0    0.316064157782
0.0    0.320349638248
0.0    0.22695457953
0.0    0.415757123737
0.0    0.254296483609
0.0    0.203652483932
0.0    0.651481718023
0.0    0.772137094139
0.0    0.305115862165
0.0    0.35279386983
0.0    0.278154388287
0.0    0.744299126888
0.0    0.236116566798
0.0    0.269531875152
0.0    0.21695336633
0.0    0.179493449417
0.0    0.10894801528
0.0    0.128961769066
0.0    0.505966023102
0.0    0.161042087575
0.0    0.193152618741
0.0    0.177091604317
0.0    0.154899603065
0.0    0.308512907742
0.0    0.34327601743
0.0    0.127633678035
0.0    0.474584659918
0.0    0.113796148876
0.0    0.0592762624736
0.0    0.155103653753
0.0    0.125118044852
0.0    0.13284879862
0.0    0.5394589467
0.0    0.17778728374
0.0    0.238913704808
0.0    0.323585797808
0.0    0.231605239819
0.0    0.0860655800814
0.0    0.385129191724
0.0    0.351048423325
0.0    0.215840390029
0.0    0.16772496686
0.0    0.34331852888
0.0    0.43393312381
0.0    0.25326110816
0.0    0.448050617647
0.0    0.313584985872
0.0    0.173867242613
0.0    0.20826292711
0.0    0.23958671738
0.0    0.192018875721
0.0    0.379497281333
2.0    1.14324885201
2.0    0.616206554762
2.0    0.309660379296
0.0    0.399530254424
0.0    0.338976796238
2.0    0.581381144006
0.0    0.20738497313
0.0    0.360704563673
0.0    0.382676563567
2.0    0.51703573168
0.0    0.836884484046
2.0    0.302791652546
0.0    0.41765774372
0.0    0.390265351775
0.0    0.701249125536
0.0    0.327458019325
2.0    0.534303127415
0.0    0.474451226811
2.0    0.306681525997
0.0    0.585553288716
0.0    0.384780742073
0.0    0.470024708822
0.0    0.0931939681028
0.0    0.524487425338
2.0    0.198802243445
0.0    0.372988984224
0.0    0.239090980384
2.0    0.478256527698
0.0    0.638409394699
2.0    0.408719128486
0.0    0.497329593113
2.0    0.376139109818
2.0    0.374637236111
2.0    0.318522924657
0.0    0.329968520015
0.0    0.404721144412
0.0    0.755591682686
2.0    0.795826398092
0.0    0.282040527504
0.0    0.281132958662
0.0    0.528339059846
0.0    0.303514770816
0.0    0.471201089388
0.0    0.2831849377
0.0    0.492306357967
0.0    0.233298932614
2.0    0.619160831438
0.0    0.35051186781
2.0    0.260076479304
0.0    0.382196351523
0.0    0.301305590496
0.0    0.869652693455
0.0    0.343431818916
2.0    0.51293370951
0.0    0.564882916683
0.0    0.43572530065
0.0    0.971115699717
0.0    0.438021104844
0.0    0.339760839438
2.0    0.271593757471
0.0    0.47092227189
0.0    0.304859344135
0.0    1.22711840447
2.0    0.68784406868
0.0    0.861053142408
0.0    0.767687480623
0.0    0.335087035827
0.0    0.352519983177
2.0    0.62256245289
0.0    0.415952981662
2.0    0.360044966718
2.0    0.500296030812
2.0    0.241968451308
2.0    0.262615142644
2.0    0.382610861595
2.0    0.300311994214
2.0    0.191976461388
2.0    0.314803023159
2.0    0.453109517939
2.0    0.150091223301
2.0    0.149026390405
2.0    0.12121375838
2.0    0.185184608402
2.0    0.171946706374
2.0    0.248766739424
2.0    0.307060518939
2.0    0.145339775908
2.0    0.500117964185
2.0    0.200399432089
2.0    0.118826081178
2.0    0.283646805139
2.0    0.486388283962
2.0    0.465954951017
2.0    0.442840050658
2.0    0.368128838158
2.0    0.248050925671
2.0    0.387844565767
2.0    0.259168374671
2.0    0.314000275608
2.0    1.06179483696
2.0    0.623647113523
2.0    0.176962364499
2.0    0.122615127013
2.0    0.123578044882
2.0    0.0851463361649
2.0    0.202082856363
2.0    0.206226385818
2.0    0.272866778176
2.0    0.191827169153
2.0    0.199376058856
2.0    0.435072128512
2.0    0.130343098312
2.0    0.250182427545
2.0    0.259004600789
2.0    0.401057438527
2.0    0.121373744808
2.0    0.348403465617
2.0    0.243738822615
2.0    0.38623369626
