1.0    17403.5811585
1.0    21135.2924436
1.0    127.40525636
1.0    81202.4254159
2.0    257.284798121
1.0    64996.1512032
1.0    9094.20255849
1.0    10212.0636351
1.0    22627.7843925
1.0    22605.0084989
1.0    99132.9466096
1.0    7311.99156487
1.0    15861.6710734
1.0    2283.13609466
1.0    123842.002941
1.0    13235.8822351
1.0    7419.32672019
1.0    4344.73756487
1.0    235097.386371
2.0    13790.3858975
2.0    3193.51917554
2.0    1745.31112909
1.0    25672.7593861
1.0    32569.8927861
2.0    13676.4011504
2.0    10784.9919839
1.0    158.684822318
1.0    8210.47731806
2.0    34860.8802833
1.0    25741.0699032
1.0    8124.24961593
1.0    102310.884995
1.0    42092.3004713
1.0    2296.70520955
1.0    10056.9714478
2.0    36752.1293691
2.0    23065.2594401
1.0    8188.04643083
1.0    30741.5239564
2.0    1651.53505296
2.0    4643.98531231
1.0    25898.0318606
1.0    10055.0964372
2.0    2348.46384715
2.0    24567.7698484
1.0    13298.6210947
1.0    16956.3835649
1.0    44184.5994947
1.0    18275.4256074
1.0    4222.59764785
1.0    2246.46678402
1.0    5012.20763934
1.0    69.2005031689
1.0    32437.0503649
1.0    18421.9171457
1.0    5770.23880104
1.0    50849.4154861
1.0    5615.6839904
1.0    8081.77246274
0.0    3949.54234094
2.0    2368.64150264
0.0    148.293549744
2.0    9772.72957425
0.0    1499.91028884
0.0    10799.0217613
2.0    2573.29148199
0.0    2163.84788886
0.0    2890.81132942
2.0    528.999627798
2.0    2375.89327425
2.0    20078.1874536
0.0    2390.29104678
0.0    230.339043888
1.0    45459.1918861
2.0    24876.5671336
0.0    960.749827948
0.0    4453.79642072
0.0    2142.00654241
2.0    1554.74772973
0.0    108.496981536
0.0    32533.4684583
2.0    521.732881347
2.0    10357.4418007
0.0    3282.60379754
0.0    3831.61809025
0.0    125.045604725
0.0    1365.2104424
0.0    10818.0263178
2.0    2733.80572199
2.0    11839.5687117
0.0    611.908488777
0.0    111.658485913
0.0    1507.23049314
0.0    28334.1547004
0.0    12864.6155062
2.0    46965.720033
2.0    11617.9668672
0.0    994.98791198
2.0    4926.24541102
0.0    2763.06771196
2.0    393.353876185
0.0    10796.9446091
0.0    444.222672847
0.0    1916.60401775
2.0    3530.16760457
0.0    20525.1009091
0.0    2837.63386997
0.0    960.378825035
0.0    21391.6363902
2.0    2444.87119748
0.0    10995.151283
0.0    17774.6908743
2.0    14729.2533678
0.0    611.769400391
0.0    5439.45258879
0.0    2688.50828586
0.0    1399.13184818
0.0    13074.5480511
0.0    7614.21342794
0.0    11228.4296989
2.0    10747.8190736
0.0    834.620856997
0.0    8826.17370471
0.0    6176.26163806
0.0    6238.47413372
0.0    6494.97850183
0.0    11329.5956932
0.0    121.851561258
0.0    13547.6986018
0.0    14987.0766047
2.0    10018.4959781
0.0    5291.70768886
0.0    10404.5761932
2.0    16482.7348194
2.0    6492.22545748
2.0    1209.86773877
2.0    295.970999411
0.0    3265.71339465
0.0    14855.5558947
0.0    17450.8617541
2.0    16533.1538117
2.0    2884.63221231
0.0    3848.64531637
0.0    8430.84743521
2.0    16126.0914413
2.0    10344.8147704
0.0    2036.42165117
2.0    11001.4048852
2.0    6283.8425607
0.0    8881.04171797
0.0    2718.15560635
0.0    908.47251076
0.0    1697.38366283
2.0    2904.41433941
2.0    7811.78276135
2.0    142.194167153
0.0    517.265270128
2.0    23100.8866181
2.0    4786.64706006
2.0    11996.9611246
0.0    3850.65945125
2.0    2351.38253941
0.0    12684.8604903
2.0    2855.80221941
2.0    13053.3533413
0.0    3851.35381354
2.0    1204.2463478
2.0    2145.62074393
2.0    503.206085217
2.0    9780.98348586
0.0    2702.3045193
0.0    217.968587513
2.0    4848.32714393
2.0    226.769901347
2.0    487.841199411
2.0    11671.5313078
2.0    12752.3964994
0.0    10417.0747209
