2.0    0.165804398501
2.0    0.224438843496
2.0    0.136219992877
2.0    0.32782680879
2.0    0.262271585253
2.0    0.150985464101
2.0    0.132496712016
2.0    0.142112307187
2.0    0.171955684611
2.0    0.111178380183
2.0    0.164526183971
2.0    0.160729347803
2.0    0.0936736204932
2.0    0.427539970491
2.0    0.398829911471
2.0    0.125179377988
2.0    0.139957015824
2.0    0.156012267564
2.0    0.360583259551
2.0    0.18569130504
2.0    0.179940558348
2.0    0.323667572138
2.0    0.143580123639
2.0    0.188448100853
2.0    0.19824917949
2.0    0.584073004193
2.0    0.100531202295
2.0    0.204280860319
2.0    0.131715934593
2.0    0.10753064547
2.0    0.180703749876
2.0    0.141604450928
2.0    0.147072398357
2.0    0.33358788206
2.0    0.0996169269521
2.0    0.0809482756998
2.0    0.17442484615
2.0    0.174261610734
2.0    0.218149238106
2.0    0.410496532503
2.0    0.137857040535
2.0    0.29825737233
2.0    0.162783040101
1.0    0.356197508927
2.0    0.131498511973
2.0    0.276050816444
2.0    0.195177564484
2.0    0.122851871672
2.0    0.0730487588321
2.0    0.133948640011
2.0    0.359965126662
2.0    0.11772522965
2.0    0.214656620596
2.0    0.115646180915
2.0    0.0869024530722
2.0    0.109980036733
2.0    0.0925634597578
2.0    0.0735921837267
2.0    0.166730470022
1.0    0.973376274635
0.0    0.743021562565
0.0    0.377628967921
1.0    0.365231118353
1.0    0.377896211927
1.0    0.326705214461
1.0    0.189109534298
1.0    0.492367758018
1.0    0.221226017051
0.0    0.608444049792
1.0    0.866177787319
0.0    0.400421360775
1.0    0.528909770584
1.0    0.252479162776
2.0    0.732372750273
1.0    0.440563890845
1.0    0.301927021598
1.0    0.342548833666
1.0    0.271717024759
1.0    0.579037660275
1.0    0.284919341727
1.0    0.193091024251
1.0    0.109891719621
1.0    0.214371010248
0.0    0.241336658549
1.0    0.260585002824
1.0    0.117940010342
1.0    0.194797835837
1.0    0.286721053012
1.0    0.170004234747
1.0    0.187824221233
1.0    0.265545198639
1.0    0.250571697415
0.0    0.442077691657
1.0    0.150303921406
1.0    0.247732180675
2.0    0.829326435782
1.0    0.629620224058
1.0    0.138521088907
1.0    0.419521043686
1.0    0.40154114169
1.0    0.197633985708
1.0    0.212783202369
1.0    0.128898784249
1.0    0.130035391309
1.0    0.124735082908
1.0    0.496326668164
1.0    0.0981754780573
1.0    0.261860151724
1.0    0.120726820614
1.0    0.272094904215
1.0    0.809945720734
1.0    0.116951125147
1.0    0.52745600092
1.0    0.204317278972
1.0    0.159256842863
1.0    0.534581863851
1.0    0.126224617204
1.0    0.0800785401914
0.0    0.337275940496
1.0    0.18001828512
1.0    0.212526290147
1.0    1.26208624193
1.0    0.481011582362
1.0    0.761962906484
1.0    0.68419475377
1.0    0.102756812099
1.0    0.202004418394
1.0    0.505199638623
1.0    0.115965281161
1.0    0.353565544982
0.0    0.540074870994
0.0    0.246432413923
0.0    0.261175947075
0.0    0.387415548719
0.0    0.341103457252
0.0    0.185023160418
0.0    0.308965681549
0.0    0.446005316975
0.0    0.136685126549
0.0    0.196886774411
0.0    0.163714744287
0.0    0.203804006358
0.0    0.194483658004
0.0    0.256111511413
0.0    0.285678553606
0.0    0.134138436464
0.0    0.421119604856
0.0    0.14380757645
0.0    0.0541803553376
0.0    0.199271764967
0.0    0.414399626769
0.0    0.39253834647
0.0    0.427993891028
0.0    0.278032654654
0.0    0.240718130644
0.0    0.299587555576
0.0    0.169596107224
0.0    0.290895451152
0.0    0.968022567116
0.0    0.56071892344
0.0    0.148531690006
0.0    0.114488587227
0.0    0.151975617346
0.0    0.0787977823969
0.0    0.12831656992
0.0    0.158222242479
0.0    0.191454681702
0.0    0.134027419621
0.0    0.154661104928
0.0    0.369750743826
0.0    0.153497049559
0.0    0.193639720594
0.0    0.171371089442
0.0    0.30249639616
0.0    0.0654846790868
0.0    0.237194679103
0.0    0.175095242437
0.0    0.278320816308
